1954 1 00 14.55
1954 2 00 13.32
1954 3 00 6.97
1954 4 00 9.40
1954 5 00 5.45
1954 6 00 5.43
1954 7 00 5.44
1954 8 00 3.44
1954 9 00 5.93
1954 10 00 8.73
1954 11 00 12.27
1954 12 00 11.97
1955 1 00 9.60
1955 2 00 9.51
1955 3 00 8.93
1955 4 00 7.40
1955 5 00 5.87
1955 6 00 6.31
1955 7 00 4.38
1955 8 00 6.62
1955 9 00 6.18
1955 10 00 11.52
1955 11 00 12.03
1955 12 00 11.48
1956 1 00 13.75
1956 2 00 11.23
1956 3 00 10.68
1956 4 00 7.54
1956 5 00 6.00
1956 6 00 6.58
1956 7 00 4.95
1956 8 00 5.80
1956 9 00 5.52
1956 10 00 10.50
1956 11 00 10.29
1956 12 00 13.24
1957 1 00 7.49
1957 2 00 10.16
1957 3 00 9.45
1957 4 00 7.13
1957 5 00 6.76
1957 6 00 5.08
1957 7 00 6.05
1957 8 00 3.94
1957 9 00 7.37
1957 10 00 8.08
1957 11 00 9.18
1957 12 00 11.82
1958 1 00 13.04
1958 2 00 14.68
1958 3 00 8.60
1958 4 00 7.33
1958 5 00 6.30
1958 6 00 4.86
1958 7 00 6.47
1958 8 00 6.08
1958 9 00 7.00
1958 10 00 10.21
1958 11 00 10.04
1958 12 00 11.33
1959 1 00 12.82
1959 2 00 9.50
1959 3 00 10.95
1959 4 00 7.22
1959 5 00 5.66
1959 6 00 5.31
1959 7 00 7.16
1959 8 00 5.11
1959 9 00 6.52
1959 10 00 8.61
1959 11 00 10.14
1959 12 00 12.77
1960 1 00 9.50
1960 2 00 9.88
1960 3 00 11.97
1960 4 00 10.04
1960 5 00 5.76
1960 6 00 5.84
1960 7 00 6.43
1960 8 00 5.89
1960 9 00 6.88
1960 10 00 9.69
1960 11 00 10.67
1960 12 00 9.41
1961 1 00 11.67
1961 2 00 13.53
1961 3 00 9.97
1961 4 00 7.12
1961 5 00 5.42
1961 6 00 5.98
1961 7 00 5.46
1961 8 00 6.07
1961 9 00 6.73
1961 10 00 10.02
1961 11 00 10.49
1961 12 00 11.89
1962 1 00 12.14
1962 2 00 8.96
1962 3 00 7.93
1962 4 00 8.21
1962 5 00 4.24
1962 6 00 5.44
1962 7 00 4.72
1962 8 00 6.47
1962 9 00 6.12
1962 10 00 10.12
1962 11 00 12.83
1962 12 00 11.62
1963 1 00 7.24
1963 2 00 12.36
1963 3 00 9.45
1963 4 00 6.77
1963 5 00 5.59
1963 6 00 6.18
1963 7 00 5.72
1963 8 00 4.61
1963 9 00 6.57
1963 10 00 12.42
1963 11 00 11.10
1963 12 00 12.58
1964 1 00 12.33
1964 2 00 11.31
1964 3 00 9.41
1964 4 00 8.23
1964 5 00 6.41
1964 6 00 5.37
1964 7 00 5.86
1964 8 00 5.88
1964 9 00 6.89
1964 10 00 8.27
1964 11 00 9.91
1964 12 00 12.06
1965 1 00 11.54
1965 2 00 9.85
1965 3 00 7.23
1965 4 00 6.67
1965 5 00 6.00
1965 6 00 6.46
1965 7 00 4.48
1965 8 00 4.40
1965 9 00 6.43
1965 10 00 10.82
1965 11 00 9.02
1965 12 00 11.29
1966 1 00 14.36
1966 2 00 8.52
1966 3 00 12.20
1966 4 00 7.65
1966 5 00 7.09
1966 6 00 5.29
1966 7 00 4.27
1966 8 00 5.67
1966 9 00 7.14
1966 10 00 10.00
1966 11 00 9.55
1966 12 00 12.54
1967 1 00 12.70
1967 2 00 11.04
1967 3 00 10.14
1967 4 00 5.87
1967 5 00 6.11
1967 6 00 5.94
1967 7 00 5.46
1967 8 00 4.94
1967 9 00 6.64
1967 10 00 10.91
1967 11 00 8.37
1967 12 00 11.42
1968 1 00 13.29
1968 2 00 9.62
1968 3 00 9.45
1968 4 00 8.70
1968 5 00 4.29
1968 6 00 5.80
1968 7 00 4.48
1968 8 00 4.46
1968 9 00 6.62
1968 10 00 10.64
1968 11 00 10.92
1968 12 00 11.92
1969 1 00 12.46
1969 2 00 9.58
1969 3 00 8.37
1969 4 00 9.05
1969 5 00 5.77
1969 6 00 4.68
1969 7 00 5.85
1969 8 00 6.47
1969 9 00 6.18
1969 10 00 6.27
1969 11 00 12.33
1969 12 00 10.85
1970 1 00 11.88
1970 2 00 10.09
1970 3 00 9.27
1970 4 00 8.63
1970 5 00 6.25
1970 6 00 5.75
1970 7 00 6.59
1970 8 00 5.91
1970 9 00 7.17
1970 10 00 8.04
1970 11 00 8.57
1970 12 00 13.23
1971 1 00 12.54
1971 2 00 8.01
1971 3 00 12.50
1971 4 00 8.83
1971 5 00 6.37
1971 6 00 4.88
1971 7 00 4.86
1971 8 00 6.08
1971 9 00 7.20
1971 10 00 8.96
1971 11 00 10.71
1971 12 00 11.51
1972 1 00 10.76
1972 2 00 12.45
1972 3 00 9.71
1972 4 00 8.48
1972 5 00 5.77
1972 6 00 5.98
1972 7 00 5.82
1972 8 00 4.65
1972 9 00 7.58
1972 10 00 8.18
1972 11 00 10.24
1972 12 00 10.72
1973 1 00 11.38
1973 2 00 10.94
1973 3 00 7.57
1973 4 00 6.43
1973 5 00 6.42
1973 6 00 6.32
1973 7 00 6.22
1973 8 00 5.53
1973 9 00 6.30
1973 10 00 9.01
1973 11 00 10.54
1973 12 00 11.50
1974 1 00 9.73
1974 2 00 11.44
1974 3 00 9.97
1974 4 00 7.53
1974 5 00 5.43
1974 6 00 6.88
1974 7 00 5.69
1974 8 00 4.85
1974 9 00 5.76
1974 10 00 8.55
1974 11 00 9.03
1974 12 00 12.84
1975 1 00 11.04
1975 2 00 13.25
1975 3 00 8.46
1975 4 00 7.18
1975 5 00 6.17
1975 6 00 5.96
1975 7 00 5.05
1975 8 00 6.13
1975 9 00 5.36
1975 10 00 10.05
1975 11 00 12.87
1975 12 00 11.96
1976 1 00 12.97
1976 2 00 11.53
1976 3 00 9.79
1976 4 00 6.64
1976 5 00 8.13
1976 6 00 4.81
1976 7 00 5.67
1976 8 00 4.76
1976 9 00 6.51
1976 10 00 8.37
1976 11 00 8.75
1976 12 00 11.17
1977 1 00 7.64
1977 2 00 10.63
1977 3 00 8.87
1977 4 00 7.77
1977 5 00 5.57
1977 6 00 6.28
1977 7 00 3.88
1977 8 00 4.80
1977 9 00 5.79
1977 10 00 10.93
1977 11 00 11.37
1977 12 00 9.80
1978 1 00 10.15
1978 2 00 11.63
1978 3 00 9.32
1978 4 00 6.58
1978 5 00 5.88
1978 6 00 6.39
1978 7 00 5.00
1978 8 00 4.52
1978 9 00 7.01
1978 10 00 8.67
1978 11 00 9.67
1978 12 00 10.38
1979 1 00 8.06
1979 2 00 15.35
1979 3 00 7.83
1979 4 00 5.34
1979 5 00 6.87
1979 6 00 5.26
1979 7 00 5.03
1979 8 00 3.99
1979 9 00 6.98
1979 10 00 6.29
1979 11 00 10.02
1979 12 00 11.72
1980 1 00 11.89
1980 2 00 10.69
1980 3 00 7.94
1980 4 00 9.43
1980 5 00 5.54
1980 6 00 4.26
1980 7 00 5.34
1980 8 00 5.93
1980 9 00 6.70
1980 10 00 9.02
1980 11 00 12.30
1980 12 00 14.77
1981 1 00 10.51
1981 2 00 9.07
1981 3 00 8.49
1981 4 00 8.63
1981 5 00 5.11
1981 6 00 6.92
1981 7 00 6.09
1981 8 00 6.15
1981 9 00 6.48
1981 10 00 8.27
1981 11 00 11.25
1981 12 00 9.83
1982 1 00 12.02
1982 2 00 11.52
1982 3 00 8.60
1982 4 00 8.76
1982 5 00 6.53
1982 6 00 4.64
1982 7 00 4.56
1982 8 00 5.23
1982 9 00 5.85
1982 10 00 8.46
1982 11 00 8.99
1982 12 00 10.06
1983 1 00 12.53
1983 2 00 12.79
1983 3 00 10.70
1983 4 00 5.38
1983 5 00 5.50
1983 6 00 4.64
1983 7 00 4.67
1983 8 00 5.87
1983 9 00 6.26
1983 10 00 8.63
1983 11 00 9.82
1983 12 00 8.33
1984 1 00 10.09
1984 2 00 11.52
1984 3 00 9.67
1984 4 00 9.56
1984 5 00 6.32
1984 6 00 6.33
1984 7 00 6.26
1984 8 00 5.84
1984 9 00 5.97
1984 10 00 9.33
1984 11 00 10.16
1984 12 00 9.77
1985 1 00 9.92
1985 2 00 12.54
1985 3 00 9.30
1985 4 00 8.54
1985 5 00 5.89
1985 6 00 5.39
1985 7 00 5.39
1985 8 00 5.97
1985 9 00 6.02
1985 10 00 9.65
1985 11 00 8.85
1985 12 00 7.87
1986 1 00 12.50
1986 2 00 9.18
1986 3 00 11.17
1986 4 00 8.59
1986 5 00 5.95
1986 6 00 7.19
1986 7 00 5.49
1986 8 00 6.27
1986 9 00 5.60
1986 10 00 7.93
1986 11 00 11.50
1986 12 00 9.83
1987 1 00 10.86
1987 2 00 10.23
1987 3 00 8.78
1987 4 00 8.94
1987 5 00 7.12
1987 6 00 7.37
1987 7 00 3.72
1987 8 00 5.02
1987 9 00 7.98
1987 10 00 7.50
1987 11 00 11.21
1987 12 00 10.93
1988 1 00 11.96
1988 2 00 10.42
1988 3 00 9.47
1988 4 00 7.26
1988 5 00 6.55
1988 6 00 5.43
1988 7 00 5.97
1988 8 00 6.17
1988 9 00 7.47
1988 10 00 7.49
1988 11 00 12.36
1988 12 00 9.38
1989 1 00 12.50
1989 2 00 7.46
1989 3 00 11.33
1989 4 00 6.38
1989 5 00 3.99
1989 6 00 5.99
1989 7 00 4.17
1989 8 00 3.51
1989 9 00 5.45
1989 10 00 7.77
1989 11 00 9.91
1989 12 00 11.43
1990 1 00 11.09
1990 2 00 10.83
1990 3 00 7.42
1990 4 00 6.42
1990 5 00 4.29
1990 6 00 5.65
1990 7 00 4.98
1990 8 00 4.67
1990 9 00 6.41
1990 10 00 10.41
1990 11 00 10.68
1990 12 00 10.94
1991 1 00 9.32
1991 2 00 10.20
1991 3 00 7.29
1991 4 00 6.34
1991 5 00 6.31
1991 6 00 5.08
1991 7 00 6.10
1991 8 00 6.66
1991 9 00 5.89
1991 10 00 7.33
1991 11 00 12.65
1991 12 00 12.84
1992 1 00 11.75
1992 2 00 12.44
1992 3 00 5.99
1992 4 00 6.48
1992 5 00 6.23
1992 6 00 4.88
1992 7 00 4.92
1992 8 00 5.95
1992 9 00 7.48
1992 10 00 9.26
1992 11 00 10.72
1992 12 00 10.57
1993 1 00 9.98
1993 2 00 10.61
1993 3 00 9.68
1993 4 00 7.14
1993 5 00 7.22
1993 6 00 4.25
1993 7 00 4.43
1993 8 00 4.43
1993 9 00 6.03
1993 10 00 6.47
1993 11 00 9.77
1993 12 00 10.68
1994 1 00 10.99
1994 2 00 14.39
1994 3 00 8.81
1994 4 00 7.12
1994 5 00 6.28
1994 6 00 5.45
1994 7 00 4.87
1994 8 00 3.73
1994 9 00 6.51
1994 10 00 8.78
1994 11 00 10.95
1994 12 00 10.64
1995 1 00 9.21
1995 2 00 9.58
1995 3 00 9.35
1995 4 00 7.77
1995 5 00 5.80
1995 6 00 5.16
1995 7 00 5.39
1995 8 00 5.20
1995 9 00 5.20
1995 10 00 9.39
1995 11 00 11.88
1995 12 00 11.81
1996 1 00 10.95
1996 2 00 9.33
1996 3 00 10.25
1996 4 00 9.80
1996 5 00 4.68
1996 6 00 5.78
1996 7 00 6.85
1996 8 00 6.05
1996 9 00 5.39
1996 10 00 9.15
1996 11 00 11.34
1996 12 00 11.22
1997 1 00 11.36
1997 2 00 9.60
1997 3 00 11.78
1997 4 00 7.71
1997 5 00 5.83
1997 6 00 5.43
1997 7 00 5.48
1997 8 00 5.72
1997 9 00 6.54
1997 10 00 9.04
1997 11 00 8.39
1997 12 00 11.88
1998 1 00 14.89
1998 2 00 11.79
1998 3 00 8.13
1998 4 00 6.06
1998 5 00 5.12
1998 6 00 5.56
1998 7 00 5.55
1998 8 00 5.67
1998 9 00 6.42
1998 10 00 9.59
1998 11 00 9.32
1998 12 00 12.87
1999 1 00 10.28
1999 2 00 13.08
1999 3 00 9.33
1999 4 00 6.56
1999 5 00 6.20
1999 6 00 6.01
1999 7 00 5.48
1999 8 00 5.06
1999 9 00 6.55
1999 10 00 9.65
1999 11 00 10.96
1999 12 00 10.60
2000 1 00 10.56
2000 2 00 7.69
2000 3 00 10.63
2000 4 00 7.77
2000 5 00 6.01
2000 6 00 6.09
2000 7 00 5.35
2000 8 00 6.36
2000 9 00 7.28
2000 10 00 8.12
2000 11 00 9.73
2000 12 00 10.10
2001 1 00 10.67
2001 2 00 8.27
2001 3 00 10.12
2001 4 00 7.49
2001 5 00 7.98
2001 6 00 3.99
2001 7 00 5.39
2001 8 00 7.39
2001 9 00 8.20
2001 10 00 10.46
2001 11 00 12.09
2001 12 00 11.08
2002 1 00 10.74
2002 2 00 9.58
2002 3 00 9.59
2002 4 00 6.95
2002 5 00 5.88
2002 6 00 6.24
2002 7 00 6.45
2002 8 00 6.88
2002 9 00 6.60
2002 10 00 6.14
2002 11 00 10.90
2002 12 00 10.85
2003 1 00 14.54
2003 2 00 7.47
2003 3 00 10.72
2003 4 00 8.21
2003 5 00 -999.99
2003 6 00 5.87
2003 7 00 5.90
2003 8 00 4.91
2003 9 00 7.33
2003 10 00 9.12
2003 11 00 7.68
2003 12 00 11.57
2004 1 00 12.09
2004 2 00 8.44
2004 3 00 9.97
2004 4 00 5.92
2004 5 00 5.16
2004 6 00 4.91
2004 7 00 5.00
2004 8 00 3.70
2004 9 00 7.76
2004 10 00 10.11
2004 11 00 9.54
2004 12 00 11.29
