#PFmax of F(1, N-3) obtained from 10,000,000 simulations, with Nmin=10 and AR(1)!
#  N   75%-iles  80%-iles  90%-iles  95%-iles  99%-iles 99.99%-iles autocor.(lag-1) le
    20       1.05      1.31      2.24      3.29      6.20     18.71    -0.200
    20       1.13      1.41      2.40      3.53      6.66     20.06    -0.150
    20       1.21      1.51      2.57      3.79      7.15     21.49    -0.100
    20       1.30      1.62      2.76      4.07      7.68     23.08    -0.050
    20       1.39      1.74      2.97      4.37      8.25     24.92     0.000
    20       1.44      1.81      3.08      4.53      8.55     25.80     0.025
    20       1.50      1.87      3.19      4.70      8.87     26.75     0.050
    20       1.55      1.94      3.31      4.87      9.19     27.68     0.075
    20       1.61      2.02      3.43      5.05      9.52     28.68     0.100
    20       1.67      2.09      3.56      5.23      9.87     29.63     0.125
    20       1.73      2.17      3.69      5.43     10.23     30.68     0.150
    20       1.80      2.25      3.83      5.63     10.60     31.83     0.175
    20       1.86      2.33      3.97      5.84     10.99     32.96     0.200
    20       1.93      2.42      4.12      6.05     11.38     34.06     0.225
    20       2.01      2.51      4.27      6.28     11.80     35.18     0.250
    20       2.08      2.61      4.44      6.51     12.23     36.47     0.275
    20       2.16      2.71      4.60      6.75     12.67     37.74     0.300
    20       2.24      2.81      4.77      7.00     13.13     39.13     0.325
    20       2.33      2.92      4.95      7.26     13.60     40.46     0.350
    20       2.42      3.03      5.14      7.53     14.07     41.82     0.375
    20       2.51      3.14      5.33      7.80     14.56     43.13     0.400
    20       2.60      3.26      5.52      8.08     15.07     44.45     0.425
    20       2.70      3.38      5.73      8.37     15.58     45.81     0.450
    20       2.80      3.51      5.93      8.67     16.10     47.20     0.475
    20       2.91      3.64      6.14      8.97     16.63     48.32     0.500
    20       3.01      3.77      6.36      9.28     17.17     49.56     0.525
    20       3.12      3.90      6.58      9.59     17.70     50.95     0.550
    20       3.23      4.03      6.80      9.90     18.23     52.25     0.575
    20       3.34      4.17      7.02     10.21     18.75     53.52     0.600
    20       3.45      4.30      7.24     10.52     19.27     54.61     0.625
    20       3.55      4.44      7.46     10.83     19.79     55.62     0.650
    20       3.66      4.57      7.68     11.13     20.26     56.38     0.675
    20       3.76      4.70      7.88     11.42     20.73     57.15     0.700
    20       3.86      4.82      8.08     11.69     21.16     57.69     0.725
    20       3.95      4.93      8.27     11.94     21.57     58.43     0.750
    20       4.03      5.03      8.43     12.17     21.94     58.96     0.775
    20       4.10      5.12      8.57     12.37     22.23     59.37     0.800
    20       4.16      5.19      8.69     12.53     22.48     59.74     0.825
    20       4.20      5.24      8.78     12.66     22.67     60.00     0.850
    20       4.22      5.27      8.83     12.74     22.79     60.04     0.875
    20       4.22      5.28      8.85     12.77     22.84     60.20     0.900
    20       4.21      5.26      8.84     12.77     22.85     59.86     0.925
    20       4.18      5.24      8.81     12.73     22.83     59.86     0.950
    20       4.16      5.21      8.78     12.69     22.78     60.09     0.975
    25       2.93      3.32      4.55      5.85      9.18     21.75    -0.200
    25       3.15      3.57      4.90      6.31      9.92     23.50    -0.150
    25       3.38      3.83      5.28      6.81     10.71     25.32    -0.100
    25       3.63      4.12      5.69      7.34     11.57     27.44    -0.050
    25       3.90      4.43      6.13      7.92     12.51     29.63     0.000
    25       4.04      4.60      6.37      8.23     13.01     30.84     0.025
    25       4.19      4.77      6.62      8.56     13.53     32.13     0.050
    25       4.35      4.95      6.87      8.90     14.07     33.47     0.075
    25       4.51      5.14      7.14      9.25     14.64     34.80     0.100
    25       4.68      5.34      7.42      9.62     15.23     36.23     0.125
    25       4.86      5.54      7.72     10.01     15.85     37.62     0.150
    25       5.05      5.76      8.03     10.41     16.50     39.13     0.175
    25       5.25      5.99      8.35     10.84     17.18     40.72     0.200
    25       5.45      6.22      8.69     11.28     17.89     42.29     0.225
    25       5.67      6.47      9.05     11.75     18.63     43.95     0.250
    25       5.89      6.74      9.42     12.24     19.41     45.87     0.275
    25       6.13      7.01      9.82     12.75     20.23     47.75     0.300
    25       6.38      7.30     10.23     13.29     21.08     49.77     0.325
    25       6.65      7.61     10.66     13.86     21.97     51.76     0.350
    25       6.92      7.93     11.11     14.45     22.90     53.98     0.375
    25       7.22      8.26     11.59     15.07     23.86     56.23     0.400
    25       7.53      8.62     12.09     15.72     24.87     58.32     0.425
    25       7.85      8.99     12.62     16.40     25.91     60.64     0.450
    25       8.19      9.38     13.17     17.11     26.99     62.72     0.475
    25       8.55      9.79     13.74     17.85     28.10     65.16     0.500
    25       8.93     10.23     14.34     18.61     29.25     67.44     0.525
    25       9.32     10.67     14.96     19.41     30.42     69.76     0.550
    25       9.73     11.15     15.61     20.23     31.64     72.09     0.575
    25      10.16     11.63     16.27     21.07     32.88     74.67     0.600
    25      10.61     12.14     16.96     21.93     34.13     76.88     0.625
    25      11.07     12.66     17.66     22.81     35.37     78.97     0.650
    25      11.54     13.20     18.38     23.69     36.60     80.98     0.675
    25      12.02     13.74     19.10     24.58     37.82     82.86     0.700
    25      12.50     14.28     19.82     25.46     39.02     84.77     0.725
    25      12.98     14.81     20.52     26.30     40.18     86.76     0.750
    25      13.45     15.33     21.19     27.11     41.26     88.96     0.775
    25      13.90     15.83     21.83     27.87     42.25     90.19     0.800
    25      14.31     16.29     22.42     28.56     43.12     91.13     0.825
    25      14.68     16.69     22.92     29.15     43.85     92.32     0.850
    25      14.99     17.03     23.34     29.63     44.41     92.79     0.875
    25      15.23     17.29     23.65     29.98     44.82     93.13     0.900
    25      15.38     17.46     23.85     30.20     45.02     93.46     0.925
    25      15.47     17.54     23.93     30.31     45.14     93.64     0.950
    25      15.49     17.56     23.95     30.31     45.15     93.52     0.975
    30       3.53      3.93      5.20      6.50      9.75     21.39    -0.200
    30       3.80      4.24      5.62      7.04     10.56     23.18    -0.150
    30       4.10      4.58      6.08      7.62     11.45     25.18    -0.100
    30       4.42      4.95      6.58      8.26     12.42     27.33    -0.050
    30       4.78      5.34      7.12      8.95     13.48     29.64     0.000
    30       4.96      5.56      7.41      9.32     14.06     30.89     0.025
    30       5.16      5.78      7.72      9.71     14.66     32.17     0.050
    30       5.36      6.01      8.03     10.12     15.28     33.62     0.075
    30       5.58      6.25      8.37     10.55     15.94     35.05     0.100
    30       5.80      6.51      8.72     11.00     16.63     36.58     0.125
    30       6.04      6.78      9.09     11.47     17.36     38.15     0.150
    30       6.29      7.06      9.48     11.97     18.13     39.81     0.175
    30       6.55      7.36      9.89     12.49     18.93     41.58     0.200
    30       6.83      7.67     10.32     13.04     19.79     43.41     0.225
    30       7.12      8.00     10.78     13.63     20.68     45.29     0.250
    30       7.43      8.35     11.26     14.24     21.62     47.40     0.275
    30       7.75      8.72     11.77     14.90     22.62     49.63     0.300
    30       8.10      9.12     12.32     15.59     23.67     51.91     0.325
    30       8.46      9.53     12.89     16.32     24.79     54.32     0.350
    30       8.85      9.97     13.49     17.09     25.97     56.86     0.375
    30       9.26     10.44     14.14     17.92     27.22     59.59     0.400
    30       9.70     10.94     14.82     18.79     28.53     62.18     0.425
    30      10.17     11.47     15.55     19.71     29.92     64.97     0.450
    30      10.67     12.04     16.33     20.69     31.38     67.90     0.475
    30      11.20     12.64     17.15     21.73     32.92     70.92     0.500
    30      11.76     13.29     18.02     22.83     34.55     74.28     0.525
    30      12.37     13.97     18.95     24.00     36.25     77.41     0.550
    30      13.01     14.70     19.94     25.23     38.03     80.94     0.575
    30      13.70     15.48     20.98     26.52     39.88     84.17     0.600
    30      14.43     16.30     22.08     27.88     41.80     87.81     0.625
    30      15.21     17.17     23.24     29.30     43.79     91.40     0.650
    30      16.03     18.10     24.45     30.78     45.81     95.10     0.675
    30      16.89     19.06     25.72     32.30     47.89     99.07     0.700
    30      17.80     20.07     27.01     33.86     49.96    102.38     0.725
    30      18.73     21.12     28.34     35.44     52.05    105.95     0.750
    30      19.69     22.18     29.68     37.01     54.11    109.03     0.775
    30      20.66     23.25     31.02     38.55     56.06    111.99     0.800
    30      21.63     24.30     32.31     40.03     57.92    114.81     0.825
    30      22.56     25.32     33.52     41.42     59.58    116.67     0.850
    30      23.43     26.26     34.63     42.66     61.08    118.21     0.875
    30      24.20     27.08     35.59     43.71     62.33    120.02     0.900
    30      24.84     27.76     36.36     44.54     63.21    121.18     0.925
    30      25.32     28.26     36.90     45.09     63.82    122.14     0.950
    30      25.60     28.56     37.19     45.39     64.12    122.12     0.975
    35       3.81      4.22      5.49      6.79      9.94     20.74    -0.200
    35       4.12      4.57      5.95      7.36     10.80     22.60    -0.150
    35       4.46      4.94      6.45      7.99     11.74     24.59    -0.100
    35       4.82      5.35      7.00      8.68     12.77     26.82    -0.050
    35       5.22      5.80      7.60      9.43     13.90     29.21     0.000
    35       5.43      6.04      7.92      9.83     14.51     30.51     0.025
    35       5.65      6.28      8.25     10.26     15.15     31.88     0.050
    35       5.89      6.55      8.60     10.70     15.82     33.28     0.075
    35       6.13      6.82      8.97     11.17     16.52     34.81     0.100
    35       6.39      7.11      9.37     11.67     17.27     36.36     0.125
    35       6.66      7.41      9.78     12.19     18.05     38.00     0.150
    35       6.94      7.73     10.21     12.74     18.89     39.80     0.175
    35       7.24      8.07     10.67     13.32     19.77     41.73     0.200
    35       7.56      8.43     11.15     13.93     20.70     43.66     0.225
    35       7.90      8.81     11.67     14.59     21.69     45.74     0.250
    35       8.25      9.21     12.21     15.28     22.73     47.99     0.275
    35       8.63      9.64     12.79     16.01     23.83     50.36     0.300
    35       9.03     10.09     13.41     16.80     25.01     52.90     0.325
    35       9.46     10.57     14.07     17.63     26.27     55.55     0.350
    35       9.91     11.09     14.77     18.52     27.60     58.31     0.375
    35      10.40     11.64     15.52     19.47     29.03     61.33     0.400
    35      10.92     12.23     16.32     20.48     30.55     64.47     0.425
    35      11.47     12.86     17.18     21.57     32.17     67.66     0.450
    35      12.07     13.54     18.10     22.73     33.90     71.09     0.475
    35      12.72     14.27     19.09     23.98     35.74     74.80     0.500
    35      13.41     15.06     20.15     25.31     37.70     78.45     0.525
    35      14.16     15.90     21.30     26.75     39.79     82.70     0.550
    35      14.97     16.82     22.53     28.28     42.01     87.19     0.575
    35      15.84     17.80     23.86     29.93     44.38     91.91     0.600
    35      16.78     18.86     25.28     31.69     46.88     96.59     0.625
    35      17.80     20.01     26.80     33.56     49.52    101.33     0.650
    35      18.90     21.24     28.43     35.55     52.30    106.26     0.675
    35      20.08     22.57     30.17     37.66     55.22    110.93     0.700
    35      21.34     23.99     32.01     39.87     58.24    115.86     0.725
    35      22.69     25.49     33.96     42.19     61.34    120.44     0.750
    35      24.12     27.08     35.98     44.59     64.48    125.51     0.775
    35      25.61     28.73     38.06     47.03     67.60    130.65     0.800
    35      27.14     30.43     40.16     49.48     70.67    135.25     0.825
    35      28.70     32.13     42.25     51.88     73.62    139.28     0.850
    35      30.25     33.81     44.29     54.16     76.42    143.24     0.875
    35      31.73     35.41     46.15     56.23     78.86    146.53     0.900
    35      33.07     36.86     47.80     58.02     80.85    148.94     0.925
    35      34.19     38.05     49.13     59.41     82.35    150.77     0.950
    35      34.98     38.87     50.00     60.30     83.26    151.71     0.975
    40       3.98      4.39      5.66      6.94     10.02     20.25    -0.200
    40       4.32      4.77      6.15      7.54     10.91     22.02    -0.150
    40       4.68      5.17      6.68      8.20     11.88     23.97    -0.100
    40       5.07      5.61      7.26      8.93     12.94     26.12    -0.050
    40       5.50      6.09      7.89      9.72     14.10     28.52     0.000
    40       5.73      6.34      8.23     10.14     14.73     29.86     0.025
    40       5.97      6.61      8.59     10.59     15.39     31.17     0.050
    40       6.22      6.89      8.96     11.06     16.09     32.65     0.075
    40       6.49      7.19      9.36     11.55     16.82     34.19     0.100
    40       6.76      7.50      9.77     12.07     17.59     35.79     0.125
    40       7.06      7.83     10.21     12.62     18.41     37.48     0.150
    40       7.36      8.17     10.68     13.20     19.29     39.26     0.175
    40       7.69      8.54     11.17     13.82     20.20     41.15     0.200
    40       8.04      8.93     11.68     14.47     21.18     43.17     0.225
    40       8.40      9.34     12.24     15.17     22.23     45.33     0.250
    40       8.79      9.78     12.83     15.91     23.33     47.60     0.275
    40       9.20     10.24     13.45     16.69     24.51     49.96     0.300
    40       9.64     10.74     14.12     17.53     25.77     52.57     0.325
    40      10.11     11.27     14.83     18.43     27.10     55.38     0.350
    40      10.61     11.83     15.60     19.40     28.54     58.30     0.375
    40      11.15     12.44     16.42     20.43     30.07     61.38     0.400
    40      11.73     13.09     17.30     21.54     31.72     64.89     0.425
    40      12.35     13.80     18.25     22.74     33.49     68.44     0.450
    40      13.02     14.55     19.27     24.03     35.40     72.32     0.475
    40      13.75     15.37     20.38     25.41     37.45     76.39     0.500
    40      14.54     16.26     21.58     26.92     39.66     80.86     0.525
    40      15.39     17.22     22.88     28.54     42.03     85.57     0.550
    40      16.32     18.27     24.28     30.29     44.59     90.56     0.575
    40      17.33     19.41     25.81     32.20     47.34     96.17     0.600
    40      18.43     20.65     27.48     34.27     50.30    101.77     0.625
    40      19.64     22.01     29.29     36.51     53.47    107.61     0.650
    40      20.96     23.49     31.26     38.92     56.88    113.66     0.675
    40      22.40     25.11     33.38     41.52     60.49    120.04     0.700
    40      23.97     26.87     35.68     44.31     64.33    126.68     0.725
    40      25.68     28.78     38.17     47.29     68.38    133.90     0.750
    40      27.53     30.85     40.82     50.45     72.61    140.82     0.775
    40      29.52     33.06     43.62     53.75     76.95    147.38     0.800
    40      31.64     35.39     46.55     57.18     81.32    154.16     0.825
    40      33.86     37.84     49.56     60.66     85.65    160.72     0.850
    40      36.15     40.33     52.57     64.10     89.88    166.10     0.875
    40      38.44     42.82     55.54     67.39     93.84    171.16     0.900
    40      40.65     45.20     58.29     70.37     97.34    175.74     0.925
    40      42.65     47.33     60.67     72.88    100.16    179.42     0.950
    40      44.17     48.93     62.39     74.68    102.02    181.60     0.975
    50       4.19      4.60      5.86      7.11     10.08     19.51    -0.200
    50       4.56      5.01      6.38      7.75     11.00     21.28    -0.150
    50       4.95      5.45      6.95      8.45     12.00     23.25    -0.100
    50       5.38      5.92      7.57      9.21     13.10     25.46    -0.050
    50       5.85      6.44      8.25     10.05     14.31     27.82     0.000
    50       6.11      6.72      8.61     10.50     14.97     29.12     0.025
    50       6.37      7.02      8.99     10.97     15.66     30.50     0.050
    50       6.65      7.32      9.40     11.47     16.38     31.94     0.075
    50       6.94      7.65      9.82     12.00     17.15     33.46     0.100
    50       7.24      7.99     10.27     12.55     17.96     35.05     0.125
    50       7.57      8.35     10.74     13.14     18.82     36.80     0.150
    50       7.91      8.73     11.24     13.76     19.73     38.63     0.175
    50       8.27      9.13     11.78     14.42     20.70     40.68     0.200
    50       8.65      9.56     12.34     15.12     21.72     42.74     0.225
    50       9.06     10.01     12.94     15.86     22.82     45.01     0.250
    50       9.49     10.49     13.58     16.65     23.99     47.43     0.275
    50       9.95     11.01     14.26     17.50     25.24     49.95     0.300
    50      10.44     11.55     14.99     18.41     26.57     52.65     0.325
    50      10.96     12.14     15.77     19.38     28.01     55.60     0.350
    50      11.53     12.77     16.61     20.43     29.55     58.83     0.375
    50      12.13     13.45     17.51     21.56     31.21     62.24     0.400
    50      12.79     14.19     18.49     22.78     33.01     65.95     0.425
    50      13.49     14.98     19.54     24.10     34.95     69.91     0.450
    50      14.26     15.84     20.69     25.54     37.06     74.16     0.475
    50      15.09     16.77     21.94     27.10     39.35     78.55     0.500
    50      16.00     17.79     23.30     28.80     41.85     83.41     0.525
    50      16.99     18.91     24.79     30.65     44.56     88.67     0.550
    50      18.08     20.13     26.42     32.68     47.53     94.47     0.575
    50      19.28     21.48     28.22     34.91     50.77    100.53     0.600
    50      20.61     22.97     30.20     37.37     54.33    107.37     0.625
    50      22.07     24.62     32.40     40.08     58.20    114.89     0.650
    50      23.70     26.45     34.83     43.07     62.47    122.52     0.675
    50      25.52     28.48     37.52     46.37     67.13    130.91     0.700
    50      27.55     30.76     40.50     50.02     72.19    140.25     0.725
    50      29.81     33.29     43.79     54.03     77.71    149.73     0.750
    50      32.35     36.12     47.44     58.43     83.69    159.72     0.775
    50      35.17     39.25     51.46     63.22     90.09    170.73     0.800
    50      38.29     42.71     55.86     68.39     96.90    181.72     0.825
    50      41.74     46.51     60.59     73.92    104.05    192.76     0.850
    50      45.49     50.61     65.62     79.69    111.35    203.34     0.875
    50      49.49     54.97     70.84     85.60    118.64    213.88     0.900
    50      53.65     59.44     76.05     91.43    125.53    223.61     0.925
    50      57.76     63.83     81.00     96.77    131.75    231.78     0.950
    50      61.26     67.51     84.97    100.97    136.44    235.97     0.975
    60       4.33      4.73      5.97      7.21     10.09     19.17    -0.200
    60       4.71      5.16      6.52      7.87     11.03     20.93    -0.150
    60       5.13      5.62      7.11      8.59     12.06     22.87    -0.100
    60       5.58      6.12      7.76      9.38     13.18     25.05    -0.050
    60       6.08      6.67      8.47     10.24     14.41     27.49     0.000
    60       6.35      6.96      8.85     10.71     15.08     28.82     0.025
    60       6.63      7.27      9.25     11.20     15.78     30.17     0.050
    60       6.92      7.60      9.66     11.71     16.52     31.64     0.075
    60       7.23      7.94     10.11     12.26     17.30     33.16     0.100
    60       7.55      8.30     10.58     12.83     18.13     34.76     0.125
    60       7.89      8.68     11.07     13.44     19.01     36.47     0.150
    60       8.26      9.08     11.59     14.08     19.94     38.31     0.175
    60       8.64      9.50     12.14     14.76     20.92     40.27     0.200
    60       9.05      9.95     12.73     15.49     21.97     42.35     0.225
    60       9.48     10.43     13.36     16.26     23.09     44.57     0.250
    60       9.94     10.94     14.03     17.09     24.29     46.92     0.275
    60      10.43     11.49     14.74     17.97     25.57     49.51     0.300
    60      10.95     12.07     15.51     18.91     26.95     52.26     0.325
    60      11.51     12.69     16.33     19.93     28.43     55.27     0.350
    60      12.11     13.37     17.21     21.02     30.02     58.47     0.375
    60      12.76     14.09     18.16     22.20     31.75     61.99     0.400
    60      13.46     14.87     19.19     23.48     33.61     65.68     0.425
    60      14.22     15.71     20.31     24.87     35.62     69.77     0.450
    60      15.04     16.63     21.52     26.38     37.83     74.13     0.475
    60      15.94     17.64     22.85     28.03     40.23     78.91     0.500
    60      16.92     18.73     24.30     29.83     42.86     83.83     0.525
    60      18.00     19.94     25.90     31.81     45.75     89.59     0.550
    60      19.18     21.27     27.66     34.00     48.94     95.80     0.575
    60      20.50     22.74     29.60     36.43     52.45    102.46     0.600
    60      21.96     24.37     31.77     39.11     56.35    110.00     0.625
    60      23.59     26.20     34.18     42.11     60.67    118.21     0.650
    60      25.42     28.25     36.89     45.45     65.45    127.25     0.675
    60      27.48     30.55     39.93     49.20     70.77    137.53     0.700
    60      29.80     33.16     43.37     53.41     76.69    148.77     0.725
    60      32.45     36.11     47.24     58.13     83.31    160.56     0.750
    60      35.47     39.48     51.62     63.44     90.65    173.35     0.775
    60      38.91     43.31     56.56     69.39     98.78    187.46     0.800
    60      42.83     47.68     62.12     76.03    107.70    201.79     0.825
    60      47.30     52.61     68.35     83.38    117.40    216.93     0.850
    60      52.34     58.14     75.20     91.33    127.60    232.29     0.875
    60      57.96     64.28     82.62     99.83    138.30    247.95     0.900
    60      64.09     70.88     90.43    108.62    148.98    263.07     0.925
    60      70.48     77.69     98.24    117.15    159.11    274.42     0.950
    60      76.39     83.92    105.02    124.42    167.29    284.22     0.975
    70       4.42      4.82      6.06      7.27     10.10     18.69    -0.200
    70       4.82      5.27      6.62      7.95     11.05     20.48    -0.150
    70       5.25      5.74      7.23      8.68     12.08     22.42    -0.100
    70       5.73      6.26      7.89      9.49     13.22     24.58    -0.050
    70       6.24      6.83      8.62     10.37     14.47     26.92     0.000
    70       6.52      7.14      9.01     10.85     15.14     28.20     0.025
    70       6.81      7.46      9.42     11.35     15.85     29.57     0.050
    70       7.11      7.79      9.85     11.88     16.60     30.95     0.075
    70       7.43      8.15     10.31     12.43     17.40     32.47     0.100
    70       7.77      8.52     10.79     13.02     18.23     34.07     0.125
    70       8.13      8.91     11.30     13.64     19.12     35.76     0.150
    70       8.50      9.33     11.84     14.30     20.06     37.62     0.175
    70       8.90      9.77     12.41     15.00     21.06     39.56     0.200
    70       9.33     10.24     13.01     15.74     22.12     41.66     0.225
    70       9.78     10.74     13.66     16.53     23.26     43.84     0.250
    70      10.25     11.27     14.34     17.37     24.47     46.20     0.275
    70      10.77     11.83     15.08     18.28     25.77     48.74     0.300
    70      11.31     12.44     15.87     19.24     27.17     51.46     0.325
    70      11.90     13.08     16.71     20.28     28.67     54.43     0.350
    70      12.53     13.78     17.62     21.41     30.29     57.63     0.375
    70      13.20     14.53     18.60     22.62     32.05     60.99     0.400
    70      13.93     15.35     19.66     23.93     33.95     64.76     0.425
    70      14.73     16.23     20.82     25.36     36.02     68.82     0.450
    70      15.59     17.19     22.08     26.91     38.28     73.30     0.475
    70      16.53     18.24     23.45     28.61     40.73     78.20     0.500
    70      17.56     19.39     24.96     30.48     43.45     83.46     0.525
    70      18.69     20.65     26.62     32.55     46.45     89.46     0.550
    70      19.95     22.05     28.47     34.82     49.76     95.84     0.575
    70      21.34     23.60     30.51     37.35     53.44    102.83     0.600
    70      22.88     25.33     32.79     40.18     57.51    110.68     0.625
    70      24.62     27.27     35.35     43.35     62.07    119.65     0.650
    70      26.58     29.46     38.23     46.92     67.22    129.39     0.675
    70      28.80     31.94     41.51     50.96     73.02    140.56     0.700
    70      31.34     34.77     45.24     55.55     79.55    152.85     0.725
    70      34.25     38.02     49.51     60.77     86.92    166.49     0.750
    70      37.61     41.77     54.40     66.75     95.35    181.97     0.775
    70      41.51     46.12     60.05     73.61    104.86    198.67     0.800
    70      46.06     51.18     66.57     81.43    115.53    216.63     0.825
    70      51.37     57.05     74.04     90.34    127.46    236.33     0.850
    70      57.54     63.87     82.57    100.36    140.56    257.25     0.875
    70      64.68     71.66     92.13    111.41    154.65    278.41     0.900
    70      72.75     80.40    102.55    123.22    169.37    298.89     0.925
    70      81.57     89.82    113.45    135.30    183.83    317.90     0.950
    70      90.20     98.90    123.47    146.07    196.19    331.84     0.975
    80       4.49      4.90      6.12      7.32     10.09     18.39    -0.200
    80       4.90      5.35      6.69      8.01     11.05     20.18    -0.150
    80       5.35      5.84      7.31      8.76     12.10     22.11    -0.100
    80       5.84      6.37      7.99      9.58     13.25     24.25    -0.050
    80       6.37      6.96      8.73     10.48     14.51     26.57     0.000
    80       6.65      7.27      9.13     10.96     15.19     27.83     0.025
    80       6.95      7.60      9.55     11.47     15.91     29.15     0.050
    80       7.27      7.94      9.99     12.01     16.66     30.56     0.075
    80       7.60      8.31     10.46     12.57     17.46     32.06     0.100
    80       7.95      8.69     10.95     13.17     18.30     33.69     0.125
    80       8.31      9.10     11.47     13.80     19.20     35.41     0.150
    80       8.70      9.52     12.02     14.47     20.15     37.19     0.175
    80       9.11      9.98     12.60     15.18     21.16     39.08     0.200
    80       9.55     10.46     13.22     15.93     22.23     41.13     0.225
    80      10.01     10.97     13.87     16.74     23.37     43.34     0.250
    80      10.50     11.51     14.58     17.59     24.60     45.63     0.275
    80      11.03     12.09     15.33     18.51     25.91     48.14     0.300
    80      11.59     12.72     16.13     19.49     27.32     50.88     0.325
    80      12.20     13.38     16.99     20.55     28.84     53.82     0.350
    80      12.84     14.10     17.92     21.69     30.47     56.95     0.375
    80      13.54     14.87     18.93     22.92     32.25     60.40     0.400
    80      14.30     15.71     20.01     24.26     34.18     64.12     0.425
    80      15.11     16.62     21.19     25.71     36.26     68.15     0.450
    80      16.00     17.61     22.48     27.30     38.55     72.63     0.475
    80      16.98     18.69     23.89     29.03     41.06     77.45     0.500
    80      18.04     19.88     25.44     30.94     43.82     82.63     0.525
    80      19.22     21.18     27.15     33.05     46.87     88.65     0.550
    80      20.52     22.63     29.04     35.39     50.25     95.00     0.575
    80      21.97     24.24     31.15     38.00     54.02    102.62     0.600
    80      23.58     26.03     33.52     40.92     58.23    110.71     0.625
    80      25.40     28.06     36.18     44.21     62.98    119.98     0.650
    80      27.45     30.35     39.19     47.94     68.35    130.33     0.675
    80      29.79     32.96     42.63     52.18     74.44    142.06     0.700
    80      32.47     35.96     46.57     57.05     81.40    155.20     0.725
    80      35.58     39.42     51.12     62.64     89.35    170.41     0.750
    80      39.20     43.46     56.41     69.15     98.52    187.58     0.775
    80      43.45     48.21     62.59     76.70    109.10    206.58     0.800
    80      48.49     53.82     69.85     85.48    121.25    227.32     0.825
    80      54.50     60.47     78.39     95.74    135.18    250.97     0.850
    80      61.65     68.38     88.39    107.58    150.96    277.65     0.875
    80      70.15     77.71     99.96    121.06    168.45    305.14     0.900
    80      80.11     88.54    113.05    136.01    187.40    332.73     0.925
    80      91.43    100.68    127.19    151.85    206.59    358.78     0.950
    80     103.09    112.99    140.90    166.69    223.68    378.64     0.975
    90       4.55      4.95      6.17      7.36     10.09     18.26    -0.200
    90       4.97      5.41      6.75      8.06     11.06     19.98    -0.150
    90       5.43      5.91      7.38      8.82     12.11     21.91    -0.100
    90       5.93      6.46      8.07      9.65     13.27     24.05    -0.050
    90       6.47      7.06      8.83     10.56     14.54     26.37     0.000
    90       6.76      7.38      9.24     11.05     15.23     27.64     0.025
    90       7.07      7.71      9.66     11.57     15.95     29.00     0.050
    90       7.39      8.07     10.11     12.11     16.70     30.42     0.075
    90       7.73      8.44     10.58     12.68     17.51     31.93     0.100
    90       8.08      8.83     11.08     13.28     18.36     33.51     0.125
    90       8.46      9.24     11.61     13.92     19.25     35.17     0.150
    90       8.86      9.68     12.17     14.60     20.20     36.99     0.175
    90       9.28     10.14     12.76     15.32     21.21     38.88     0.200
    90       9.72     10.63     13.39     16.08     22.29     40.91     0.225
    90      10.20     11.16     14.06     16.90     23.44     43.12     0.250
    90      10.70     11.71     14.77     17.76     24.68     45.50     0.275
    90      11.24     12.31     15.53     18.69     25.99     48.07     0.300
    90      11.82     12.94     16.35     19.69     27.41     50.77     0.325
    90      12.43     13.62     17.23     20.76     28.93     53.69     0.350
    90      13.10     14.36     18.17     21.91     30.58     56.82     0.375
    90      13.81     15.15     19.19     23.16     32.37     60.20     0.400
    90      14.59     16.00     20.30     24.52     34.30     63.89     0.425
    90      15.42     16.93     21.50     25.99     36.41     67.98     0.450
    90      16.34     17.94     22.81     27.59     38.72     72.45     0.475
    90      17.33     19.05     24.25     29.35     41.25     77.38     0.500
    90      18.43     20.26     25.83     31.29     44.04     82.77     0.525
    90      19.63     21.60     27.57     33.44     47.12     88.81     0.550
    90      20.97     23.08     29.50     35.82     50.55     95.43     0.575
    90      22.45     24.73     31.66     38.48     54.39    102.87     0.600
    90      24.12     26.58     34.08     41.46     58.68    111.21     0.625
    90      25.99     28.67     36.81     44.84     63.53    120.81     0.650
    90      28.12     31.03     39.91     48.67     69.03    131.51     0.675
    90      30.54     33.74     43.46     53.05     75.34    143.80     0.700
    90      33.34     36.86     47.56     58.11     82.63    157.90     0.725
    90      36.60     40.48     52.33     63.99     91.05    173.47     0.750
    90      40.43     44.74     57.91     70.87    100.80    191.69     0.775
    90      44.96     49.79     64.53     78.96    112.19    211.67     0.800
    90      50.39     55.85     72.41     88.53    125.58    235.53     0.825
    90      56.95     63.14     81.84     99.92    141.22    262.36     0.850
    90      64.95     72.01     93.13    113.41    159.49    294.27     0.875
    90      74.72     82.75    106.57    129.25    180.34    328.58     0.900
    90      86.49     95.62    122.26    147.39    203.55    362.77     0.925
    90     100.33    110.56    139.91    167.22    227.95    398.17     0.950
    90     115.27    126.34    157.73    186.68    250.72    426.38     0.975
   100       4.60      5.00      6.21      7.39     10.09     18.14    -0.200
   100       5.03      5.47      6.80      8.10     11.07     19.89    -0.150
   100       5.50      5.98      7.44      8.87     12.14     21.81    -0.100
   100       6.01      6.54      8.14      9.71     13.30     23.93    -0.050
   100       6.56      7.15      8.91     10.63     14.58     26.26     0.000
   100       6.86      7.47      9.32     11.13     15.27     27.51     0.025
   100       7.17      7.81      9.75     11.65     15.99     28.82     0.050
   100       7.50      8.17     10.21     12.20     16.76     30.23     0.075
   100       7.84      8.55     10.69     12.78     17.57     31.75     0.100
   100       8.20      8.95     11.19     13.38     18.42     33.33     0.125
   100       8.59      9.37     11.73     14.03     19.32     35.00     0.150
   100       8.99      9.81     12.29     14.71     20.28     36.81     0.175
   100       9.42     10.28     12.89     15.44     21.31     38.73     0.200
   100       9.88     10.78     13.53     16.21     22.39     40.77     0.225
   100      10.36     11.32     14.21     17.03     23.55     42.91     0.250
   100      10.88     11.88     14.93     17.91     24.78     45.26     0.275
   100      11.42     12.49     15.70     18.85     26.11     47.77     0.300
   100      12.01     13.13     16.53     19.85     27.53     50.39     0.325
   100      12.64     13.83     17.42     20.93     29.06     53.28     0.350
   100      13.32     14.57     18.37     22.10     30.71     56.44     0.375
   100      14.05     15.38     19.41     23.36     32.50     59.76     0.400
   100      14.84     16.25     20.53     24.73     34.45     63.46     0.425
   100      15.69     17.19     21.74     26.22     36.57     67.51     0.450
   100      16.63     18.22     23.07     27.85     38.89     71.90     0.475
   100      17.64     19.35     24.53     29.63     41.45     76.88     0.500
   100      18.76     20.59     26.13     31.59     44.27     82.36     0.525
   100      19.99     21.95     27.90     33.76     47.39     88.43     0.550
   100      21.36     23.46     29.86     36.17     50.86     95.17     0.575
   100      22.88     25.14     32.06     38.86     54.73    102.52     0.600
   100      24.58     27.03     34.52     41.90     59.11    111.10     0.625
   100      26.50     29.17     37.30     45.33     64.04    120.51     0.650
   100      28.68     31.59     40.48     49.24     69.69    131.42     0.675
   100      31.18     34.37     44.11     53.73     76.16    143.79     0.700
   100      34.07     37.59     48.32     58.94     83.66    158.05     0.725
   100      37.45     41.34     53.25     65.02     92.37    174.93     0.750
   100      41.43     45.78     59.08     72.20    102.59    194.24     0.775
   100      46.19     51.08     66.03     80.71    114.70    216.79     0.800
   100      51.92     57.49     74.40     90.95    129.14    243.22     0.825
   100      58.98     65.33     84.57    103.31    146.32    273.17     0.850
   100      67.71     75.02     97.00    118.27    166.71    307.64     0.875
   100      78.58     87.05    112.21    136.28    190.69    347.41     0.900
   100      92.09    101.86    130.46    157.50    218.18    390.53     0.925
   100     108.50    119.61    151.63    181.56    248.09    432.82     0.950
   100     126.95    139.17    173.91    205.98    276.66    469.68     0.975
   150       4.77      5.16      6.36      7.51     10.12     17.63    -0.200
   150       5.22      5.66      6.98      8.24     11.12     19.39    -0.150
   150       5.72      6.20      7.65      9.04     12.21     21.27    -0.100
   150       6.26      6.79      8.38      9.91     13.40     23.39    -0.050
   150       6.85      7.43      9.18     10.87     14.71     25.75     0.000
   150       7.17      7.78      9.61     11.38     15.41     27.02     0.025
   150       7.50      8.14     10.06     11.92     16.15     28.30     0.050
   150       7.85      8.52     10.54     12.49     16.93     29.70     0.075
   150       8.22      8.92     11.04     13.09     17.76     31.16     0.100
   150       8.60      9.34     11.57     13.72     18.63     32.70     0.125
   150       9.01      9.79     12.12     14.39     19.54     34.37     0.150
   150       9.44     10.26     12.71     15.09     20.52     36.18     0.175
   150       9.90     10.76     13.34     15.84     21.55     38.03     0.200
   150      10.38     11.29     14.01     16.64     22.65     40.02     0.225
   150      10.90     11.85     14.71     17.49     23.83     42.17     0.250
   150      11.44     12.45     15.47     18.39     25.08     44.47     0.275
   150      12.03     13.09     16.27     19.36     26.43     46.94     0.300
   150      12.65     13.77     17.13     20.40     27.87     49.59     0.325
   150      13.32     14.50     18.06     21.51     29.42     52.43     0.350
   150      14.05     15.29     19.06     22.72     31.10     55.56     0.375
   150      14.82     16.14     20.13     24.02     32.91     58.95     0.400
   150      15.66     17.07     21.30     25.43     34.89     62.60     0.425
   150      16.57     18.07     22.57     26.97     37.04     66.58     0.450
   150      17.57     19.16     23.95     28.65     39.39     71.04     0.475
   150      18.65     20.35     25.47     30.49     41.97     76.01     0.500
   150      19.84     21.66     27.14     32.52     44.84     81.50     0.525
   150      21.16     23.10     28.99     34.76     48.02     87.40     0.550
   150      22.62     24.71     31.05     37.27     51.56     94.04     0.575
   150      24.25     26.50     33.35     40.08     55.55    101.63     0.600
   150      26.07     28.52     35.94     43.24     60.06    110.28     0.625
   150      28.14     30.80     38.88     46.84     65.18    120.25     0.650
   150      30.50     33.40     42.25     50.97     71.11    131.64     0.675
   150      33.21     36.41     46.15     55.74     77.96    144.68     0.700
   150      36.37     39.91     50.69     61.33     86.03    160.21     0.725
   150      40.09     44.04     56.07     67.95     95.55    178.89     0.750
   150      44.54     48.99     62.54     75.93    107.08    201.19     0.775
   150      49.95     55.01     70.44     85.67    121.10    228.09     0.800
   150      56.67     62.51     80.26     97.78    138.55    261.01     0.825
   150      65.21     72.03     92.75    113.17    160.54    301.78     0.850
   150      76.35     84.46    109.01    133.12    188.69    352.55     0.875
   150      91.33    101.12    130.66    159.39    225.25    417.19     0.900
   150     111.95    123.99    159.92    194.40    272.60    497.74     0.925
   150     140.66    155.47    198.89    240.00    331.88    591.79     0.950
   150     178.95    196.68    247.44    294.61    398.88    681.65     0.975
   200       4.87      5.27      6.45      7.59     10.16     17.40    -0.200
   200       5.34      5.78      7.08      8.34     11.17     19.15    -0.150
   200       5.86      6.34      7.77      9.16     12.28     21.05    -0.100
   200       6.42      6.95      8.53     10.05     13.49     23.14    -0.050
   200       7.03      7.61      9.35     11.03     14.81     25.48     0.000
   200       7.36      7.97      9.79     11.55     15.53     26.73     0.025
   200       7.70      8.34     10.26     12.10     16.28     28.07     0.050
   200       8.07      8.74     10.75     12.68     17.07     29.48     0.075
   200       8.45      9.15     11.26     13.30     17.90     30.98     0.100
   200       8.85      9.59     11.80     13.94     18.78     32.54     0.125
   200       9.27     10.05     12.38     14.62     19.71     34.20     0.150
   200       9.72     10.54     12.98     15.35     20.70     35.96     0.175
   200      10.19     11.05     13.62     16.11     21.75     37.82     0.200
   200      10.69     11.60     14.30     16.93     22.86     39.82     0.225
   200      11.23     12.18     15.03     17.79     24.05     41.96     0.250
   200      11.80     12.80     15.80     18.72     25.32     44.22     0.275
   200      12.40     13.46     16.63     19.70     26.68     46.61     0.300
   200      13.05     14.17     17.52     20.76     28.13     49.24     0.325
   200      13.75     14.93     18.47     21.90     29.70     52.02     0.350
   200      14.50     15.74     19.49     23.13     31.39     55.05     0.375
   200      15.30     16.63     20.60     24.45     33.24     58.39     0.400
   200      16.18     17.58     21.80     25.89     35.23     62.06     0.425
   200      17.12     18.61     23.10     27.46     37.40     66.10     0.450
   200      18.15     19.74     24.52     29.17     39.78     70.41     0.475
   200      19.28     20.98     26.07     31.05     42.40     75.17     0.500
   200      20.52     22.33     27.79     33.12     45.29     80.49     0.525
   200      21.89     23.83     29.68     35.41     48.50     86.46     0.550
   200      23.40     25.49     31.79     37.96     52.09     93.24     0.575
   200      25.09     27.35     34.15     40.82     56.10    100.89     0.600
   200      27.00     29.44     36.81     44.05     60.66    109.44     0.625
   200      29.15     31.81     39.84     47.73     65.89    119.26     0.650
   200      31.61     34.51     43.31     51.95     71.88    130.66     0.675
   200      34.45     37.64     47.32     56.85     78.86    143.88     0.700
   200      37.76     41.29     52.03     62.61     87.10    159.56     0.725
   200      41.67     45.62     57.62     69.47     96.91    178.53     0.750
   200      46.38     50.83     64.39     77.77    108.85    201.25     0.775
   200      52.14     57.22     72.70     88.00    123.57    230.16     0.800
   200      59.36     65.24     83.18    100.93    142.19    266.26     0.825
   200      68.66     75.60     96.76    117.68    166.33    312.16     0.850
   200      81.09     89.47    114.94    140.10    198.45    373.17     0.875
   200      98.41    108.79    140.27    171.20    242.58    454.88     0.900
   200     123.76    137.01    177.01    215.86    304.75    564.60     0.925
   200     162.61    179.96    231.61    281.06    392.18    707.10     0.950
   200     222.22    244.78    310.10    370.95    506.46    872.55     0.975
   250       4.95      5.34      6.52      7.65     10.21     17.41    -0.200
   250       5.43      5.87      7.17      8.41     11.24     19.18    -0.150
   250       5.96      6.44      7.87      9.25     12.35     21.06    -0.100
   250       6.54      7.06      8.64     10.15     13.58     23.18    -0.050
   250       7.16      7.75      9.48     11.15     14.92     25.51     0.000
   250       7.50      8.11      9.93     11.68     15.64     26.77     0.025
   250       7.86      8.49     10.40     12.24     16.40     28.08     0.050
   250       8.23      8.90     10.90     12.83     17.20     29.49     0.075
   250       8.62      9.32     11.43     13.46     18.04     30.99     0.100
   250       9.03      9.77     11.98     14.11     18.93     32.57     0.125
   250       9.46     10.24     12.57     14.80     19.87     34.19     0.150
   250       9.92     10.74     13.18     15.54     20.86     35.96     0.175
   250      10.41     11.27     13.84     16.32     21.92     37.84     0.200
   250      10.93     11.83     14.54     17.14     23.05     39.83     0.225
   250      11.47     12.43     15.28     18.02     24.24     41.95     0.250
   250      12.06     13.06     16.06     18.96     25.53     44.19     0.275
   250      12.68     13.74     16.91     19.97     26.90     46.64     0.300
   250      13.35     14.46     17.81     21.04     28.37     49.27     0.325
   250      14.06     15.24     18.78     22.20     29.96     52.11     0.350
   250      14.83     16.08     19.82     23.45     31.67     55.15     0.375
   250      15.65     16.98     20.95     24.79     33.52     58.53     0.400
   250      16.55     17.96     22.17     26.25     35.53     62.09     0.425
   250      17.52     19.02     23.49     27.84     37.71     66.05     0.450
   250      18.58     20.17     24.94     29.57     40.10     70.44     0.475
   250      19.74     21.44     26.53     31.47     42.73     75.26     0.500
   250      21.01     22.83     28.28     33.57     45.64     80.67     0.525
   250      22.42     24.36     30.21     35.89     48.87     86.70     0.550
   250      23.98     26.07     32.36     38.48     52.48     93.29     0.575
   250      25.72     27.97     34.77     41.38     56.54    100.74     0.600
   250      27.68     30.11     37.48     44.66     61.13    109.37     0.625
   250      29.89     32.55     40.57     48.40     66.37    119.10     0.650
   250      32.43     35.33     44.11     52.69     72.42    130.49     0.675
   250      35.36     38.55     48.21     57.66     79.47    143.78     0.700
   250      38.78     42.31     53.03     63.52     87.78    159.77     0.725
   250      42.82     46.77     58.76     70.51     97.76    178.83     0.750
   250      47.70     52.16     65.69     78.99    109.88    202.17     0.775
   250      53.69     58.79     74.26     89.50    124.98    231.59     0.800
   250      61.23     67.15     85.12    102.86    144.19    268.96     0.825
   250      71.02     78.01     99.30    120.35    169.41    317.29     0.850
   250      84.24     92.72    118.58    144.14    203.70    383.97     0.875
   250     103.01    113.66    146.03    177.96    252.29    474.62     0.900
   250     131.49    145.38    187.54    228.94    324.47    607.02     0.925
   250     178.05    197.10    254.35    309.58    435.27    800.81     0.950
   250     258.09    284.88    362.85    436.00    599.26   1055.74     0.975
   300       4.99      5.39      6.56      7.69     10.23     17.36    -0.200
   300       5.49      5.92      7.22      8.46     11.27     19.13    -0.150
   300       6.02      6.50      7.93      9.31     12.40     21.08    -0.100
   300       6.61      7.14      8.71     10.22     13.63     23.21    -0.050
   300       7.25      7.83      9.57     11.23     14.99     25.55     0.000
   300       7.59      8.20     10.02     11.77     15.72     26.80     0.025
   300       7.95      8.59     10.50     12.34     16.48     28.14     0.050
   300       8.33      9.00     11.01     12.94     17.29     29.54     0.075
   300       8.73      9.44     11.54     13.57     18.14     31.01     0.100
   300       9.15      9.89     12.10     14.23     19.04     32.59     0.125
   300       9.59     10.37     12.70     14.93     19.99     34.26     0.150
   300      10.06     10.88     13.32     15.68     21.00     35.97     0.175
   300      10.56     11.42     13.99     16.46     22.07     37.88     0.200
   300      11.08     11.99     14.70     17.30     23.20     39.89     0.225
   300      11.64     12.60     15.45     18.19     24.41     42.01     0.250
   300      12.24     13.24     16.25     19.14     25.71     44.31     0.275
   300      12.87     13.93     17.10     20.16     27.09     46.74     0.300
   300      13.55     14.67     18.02     21.25     28.58     49.36     0.325
   300      14.28     15.47     19.01     22.42     30.17     52.15     0.350
   300      15.06     16.32     20.06     23.68     31.90     55.25     0.375
   300      15.91     17.24     21.21     25.04     33.76     58.58     0.400
   300      16.82     18.23     22.45     26.52     35.78     62.19     0.425
   300      17.82     19.32     23.80     28.13     37.99     66.19     0.450
   300      18.90     20.49     25.27     29.89     40.40     70.55     0.475
   300      20.08     21.78     26.88     31.81     43.06     75.38     0.500
   300      21.38     23.20     28.65     33.93     45.99     80.64     0.525
   300      22.82     24.77     30.62     36.29     49.24     86.52     0.550
   300      24.41     26.51     32.81     38.91     52.86     93.16     0.575
   300      26.19     28.46     35.25     41.85     56.95    100.59     0.600
   300      28.20     30.65     38.02     45.18     61.57    109.12     0.625
   300      30.47     33.13     41.16     48.96     66.85    118.95     0.650
   300      33.06     35.98     44.76     53.30     72.93    130.13     0.675
   300      36.06     39.27     48.93     58.35     80.04    143.35     0.700
   300      39.57     43.12     53.84     64.30     88.42    159.08     0.725
   300      43.73     47.69     59.68     71.40     98.47    177.96     0.750
   300      48.74     53.21     66.76     80.02    110.70    201.31     0.775
   300      54.90     60.01     75.53     90.72    125.96    230.09     0.800
   300      62.69     68.62     86.66    104.37    145.52    267.45     0.825
   300      72.83     79.86    101.27    122.31    171.31    316.60     0.850
   300      86.61     95.16    121.23    146.94    206.79    384.91     0.875
   300     106.39    117.19    150.08    182.53    258.01    482.77     0.900
   300     136.99    151.30    194.88    237.72    336.75    630.68     0.925
   300     189.25    209.52    270.73    330.04    465.81    862.69     0.950
   300     288.00    318.19    407.04    490.97    678.20   1204.17     0.975
   400       5.01      5.41      6.58      7.71     10.25     17.31    -0.200
   400       5.52      5.95      7.25      8.50     11.30     19.09    -0.150
   400       6.07      6.55      7.98      9.35     12.44     21.03    -0.100
   400       6.66      7.19      8.77     10.28     13.69     23.17    -0.050
   400       7.31      7.90      9.64     11.30     15.06     25.55     0.000
   400       7.66      8.28     10.10     11.85     15.80     26.80     0.025
   400       8.03      8.67     10.59     12.43     16.58     28.13     0.050
   400       8.42      9.09     11.10     13.04     17.39     29.52     0.075
   400       8.82      9.53     11.65     13.68     18.25     30.99     0.100
   400       9.25     10.00     12.22     14.35     19.16     32.54     0.125
   400       9.70     10.49     12.82     15.06     20.12     34.16     0.150
   400      10.18     11.01     13.46     15.82     21.14     35.95     0.175
   400      10.69     11.56     14.14     16.62     22.22     37.83     0.200
   400      11.23     12.14     14.86     17.47     23.37     39.87     0.225
   400      11.80     12.76     15.62     18.38     24.60     42.02     0.250
   400      12.41     13.42     16.44     19.34     25.90     44.29     0.275
   400      13.06     14.13     17.31     20.38     27.30     46.73     0.300
   400      13.76     14.88     18.24     21.48     28.80     49.40     0.325
   400      14.50     15.69     19.25     22.67     30.41     52.25     0.350
   400      15.31     16.56     20.33     23.96     32.15     55.36     0.375
   400      16.17     17.51     21.50     25.34     34.04     58.71     0.400
   400      17.11     18.53     22.76     26.84     36.08     62.34     0.425
   400      18.13     19.64     24.14     28.48     38.32     66.30     0.450
   400      19.24     20.84     25.64     30.27     40.76     70.69     0.475
   400      20.46     22.17     27.29     32.23     43.44     75.47     0.500
   400      21.80     23.63     29.10     34.39     46.40     80.74     0.525
   400      23.28     25.24     31.11     36.79     49.69     86.61     0.550
   400      24.92     27.03     33.34     39.46     53.35     93.17     0.575
   400      26.76     29.03     35.85     42.45     57.46    100.58     0.600
   400      28.83     31.29     38.68     45.84     62.13    108.94     0.625
   400      31.17     33.85     41.89     49.70     67.46    118.67     0.650
   400      33.86     36.79     45.58     54.13     73.60    129.93     0.675
   400      36.97     40.19     49.86     59.28     80.76    143.04     0.700
   400      40.60     44.17     54.89     65.34     89.20    158.70     0.725
   400      44.93     48.90     60.89     72.57     99.32    177.30     0.750
   400      50.14     54.63     68.16     81.37    111.73    200.55     0.775
   400      56.58     61.70     77.18     92.30    127.17    229.33     0.800
   400      64.71     70.65     88.65    106.26    147.00    267.21     0.825
   400      75.35     82.39    103.75    124.73    173.27    317.38     0.850
   400      89.87     98.45    124.54    150.21    209.88    387.73     0.875
   400     110.92    121.82    154.97    187.66    263.72    492.14     0.900
   400     144.21    158.86    203.50    247.50    349.97    656.30     0.925
   400     204.06    225.55    290.96    355.08    502.85    939.75     0.950
   400     332.87    368.32    473.91    574.59    801.32   1447.65     0.975
   600       5.06      5.45      6.62      7.75     10.27     17.21    -0.200
   600       5.57      6.01      7.30      8.55     11.33     19.00    -0.150
   600       6.13      6.61      8.04      9.41     12.49     20.95    -0.100
   600       6.74      7.27      8.85     10.36     13.76     23.08    -0.050
   600       7.41      8.00      9.73     11.40     15.15     25.42     0.000
   600       7.77      8.38     10.21     11.96     15.89     26.70     0.025
   600       8.15      8.79     10.71     12.55     16.68     28.02     0.050
   600       8.55      9.22     11.23     13.17     17.51     29.42     0.075
   600       8.96      9.67     11.79     13.82     18.38     30.92     0.100
   600       9.40     10.15     12.37     14.51     19.30     32.50     0.125
   600       9.87     10.65     12.99     15.23     20.27     34.17     0.150
   600      10.36     11.18     13.64     16.00     21.30     35.93     0.175
   600      10.88     11.75     14.33     16.82     22.40     37.78     0.200
   600      11.43     12.35     15.07     17.69     23.57     39.78     0.225
   600      12.02     12.98     15.85     18.61     24.81     41.90     0.250
   600      12.65     13.66     16.68     19.59     26.13     44.18     0.275
   600      13.32     14.39     17.58     20.65     27.55     46.64     0.300
   600      14.04     15.16     18.53     21.78     29.07     49.25     0.325
   600      14.81     16.00     19.56     22.99     30.70     52.09     0.350
   600      15.63     16.90     20.66     24.30     32.47     55.12     0.375
   600      16.53     17.87     21.86     25.71     34.38     58.42     0.400
   600      17.50     18.92     23.16     27.25     36.45     62.03     0.425
   600      18.55     20.06     24.57     28.92     38.71     65.91     0.450
   600      19.70     21.30     26.11     30.74     41.18     70.23     0.475
   600      20.95     22.67     27.79     32.74     43.89     74.95     0.500
   600      22.34     24.17     29.65     34.95     46.90     80.18     0.525
   600      23.87     25.83     31.71     37.40     50.22     85.92     0.550
   600      25.57     27.68     34.01     40.12     53.92     92.40     0.575
   600      27.48     29.75     36.58     43.18     58.08     99.76     0.600
   600      29.62     32.09     39.48     46.64     62.80    108.17     0.625
   600      32.06     34.74     42.78     50.57     68.19    117.78     0.650
   600      34.85     37.78     46.57     55.10     74.39    128.98     0.675
   600      38.08     41.30     50.97     60.36     81.63    141.90     0.700
   600      41.88     45.44     56.15     66.55     90.16    157.38     0.725
   600      46.38     50.37     62.32     73.95    100.37    175.98     0.750
   600      51.84     56.32     69.82     82.95    112.84    198.63     0.775
   600      58.58     63.69     79.12     94.15    128.40    227.21     0.800
   600      67.12     73.06     90.96    108.46    148.37    264.03     0.825
   600      78.32     85.36    106.60    127.40    174.95    314.08     0.850
   600      93.70    102.27    128.19    153.65    212.10    384.85     0.875
   600     116.16    127.04    160.05    192.54    267.60    490.45     0.900
   600     152.18    166.93    211.80    256.08    358.77    666.97     0.925
   600     219.48    241.83    309.87    376.93    532.98   1002.58     0.950
   600     385.61    426.81    551.15    672.05    948.55   1756.31     0.975
  1200       5.12      5.51      6.68      7.79     10.29     17.14    -0.200
  1200       5.65      6.08      7.37      8.61     11.37     18.96    -0.150
  1200       6.23      6.71      8.13      9.50     12.55     20.93    -0.100
  1200       6.86      7.39      8.96     10.47     13.84     23.09    -0.050
  1200       7.55      8.13      9.87     11.53     15.25     25.50     0.000
  1200       7.92      8.53     10.36     12.11     16.01     26.77     0.025
  1200       8.31      8.95     10.87     12.71     16.81     28.12     0.050
  1200       8.72      9.40     11.41     13.34     17.66     29.55     0.075
  1200       9.15      9.86     11.98     14.01     18.54     31.06     0.100
  1200       9.61     10.36     12.58     14.72     19.48     32.65     0.125
  1200      10.09     10.88     13.22     15.46     20.48     34.34     0.150
  1200      10.60     11.43     13.89     16.25     21.53     36.13     0.175
  1200      11.14     12.01     14.61     17.09     22.64     38.01     0.200
  1200      11.72     12.64     15.36     17.98     23.83     40.04     0.225
  1200      12.33     13.30     16.17     18.93     25.09     42.19     0.250
  1200      12.98     14.00     17.03     19.94     26.44     44.48     0.275
  1200      13.68     14.75     17.95     21.02     27.89     46.93     0.300
  1200      14.43     15.56     18.94     22.18     29.44     49.56     0.325
  1200      15.23     16.43     20.00     23.43     31.10     52.41     0.350
  1200      16.09     17.36     21.15     24.77     32.90     55.46     0.375
  1200      17.03     18.37     22.38     26.23     34.85     58.78     0.400
  1200      18.04     19.47     23.72     27.81     36.96     62.40     0.425
  1200      19.14     20.66     25.18     29.52     39.26     66.32     0.450
  1200      20.34     21.96     26.78     31.40     41.77     70.62     0.475
  1200      21.66     23.38     28.53     33.46     44.53     75.37     0.500
  1200      23.11     24.95     30.45     35.73     47.59     80.59     0.525
  1200      24.71     26.69     32.59     38.25     50.97     86.35     0.550
  1200      26.50     28.63     34.97     41.06     54.74     92.91     0.575
  1200      28.50     30.80     37.63     44.21     58.98    100.22     0.600
  1200      30.76     33.24     40.65     47.77     63.78    108.59     0.625
  1200      33.33     36.03     44.08     51.82     69.25    118.04     0.650
  1200      36.28     39.22     48.02     56.48     75.57    129.03     0.675
  1200      39.69     42.93     52.60     61.91     82.92    141.78     0.700
  1200      43.70     47.29     57.98     68.29     91.59    156.97     0.725
  1200      48.48     52.48     64.41     75.92    101.97    175.09     0.750
  1200      54.28     58.77     72.22     85.20    114.62    197.39     0.775
  1200      61.45     66.58     81.93     96.74    130.41    225.09     0.800
  1200      70.57     76.51     94.31    111.50    150.68    261.41     0.825
  1200      82.58     89.61    110.68    131.07    177.65    309.74     0.850
  1200      99.13    107.68    133.35    158.28    215.23    378.02     0.875
  1200     123.47    134.29    166.92    198.70    271.46    481.35     0.900
  1200     162.91    177.60    221.92    265.30    365.07    656.31     0.925
  1200     238.50    260.98    329.07    396.02    551.25   1011.10     0.950
  1200     445.46    490.91    629.23    765.90   1083.53   2038.59     0.975
