#PTmax of t(1, N-2) obtained from 10,000,000 simulations, with Nmin=5 and AR(1)! 
#  N     75%-iles  80%-iles  90%-iles  95%-iles  99%-iles 99.99%-iles autocorr.(lag-1)
    10       1.06      1.20      1.59      1.97      2.88      6.11    -0.200
    10       1.11      1.25      1.66      2.06      3.00      6.39    -0.150
    10       1.16      1.30      1.74      2.15      3.14      6.66    -0.100
    10       1.21      1.36      1.81      2.25      3.28      6.96    -0.050
    10       1.26      1.42      1.90      2.35      3.43      7.28     0.000
    10       1.29      1.46      1.94      2.41      3.50      7.44     0.025
    10       1.32      1.49      1.98      2.46      3.58      7.60     0.050
    10       1.35      1.52      2.03      2.52      3.67      7.77     0.075
    10       1.39      1.56      2.08      2.58      3.75      7.95     0.100
    10       1.42      1.60      2.13      2.64      3.84      8.14     0.125
    10       1.45      1.64      2.18      2.70      3.93      8.32     0.150
    10       1.49      1.68      2.23      2.77      4.02      8.56     0.175
    10       1.52      1.72      2.28      2.83      4.12      8.74     0.200
    10       1.56      1.76      2.34      2.90      4.22      8.97     0.225
    10       1.60      1.80      2.40      2.97      4.32      9.17     0.250
    10       1.64      1.85      2.46      3.04      4.42      9.39     0.275
    10       1.68      1.89      2.52      3.12      4.53      9.63     0.300
    10       1.73      1.94      2.58      3.20      4.64      9.85     0.325
    10       1.77      1.99      2.65      3.28      4.75     10.07     0.350
    10       1.82      2.04      2.71      3.36      4.86     10.27     0.375
    10       1.86      2.10      2.78      3.44      4.98     10.50     0.400
    10       1.91      2.15      2.85      3.53      5.09     10.70     0.425
    10       1.96      2.21      2.93      3.61      5.21     10.92     0.450
    10       2.01      2.26      3.00      3.70      5.34     11.15     0.475
    10       2.06      2.32      3.07      3.79      5.46     11.37     0.500
    10       2.12      2.38      3.15      3.88      5.58     11.59     0.525
    10       2.17      2.44      3.23      3.98      5.70     11.81     0.550
    10       2.23      2.50      3.31      4.07      5.82     11.98     0.575
    10       2.28      2.57      3.39      4.16      5.95     12.22     0.600
    10       2.34      2.63      3.47      4.26      6.07     12.42     0.625
    10       2.40      2.69      3.55      4.35      6.19     12.58     0.650
    10       2.46      2.76      3.63      4.44      6.31     12.73     0.675
    10       2.52      2.82      3.71      4.54      6.43     12.97     0.700
    10       2.58      2.89      3.79      4.63      6.55     13.23     0.725
    10       2.64      2.95      3.87      4.73      6.66     13.47     0.750
    10       2.70      3.02      3.96      4.82      6.78     13.64     0.775
    10       2.77      3.10      4.05      4.92      6.90     13.77     0.800
    10       2.84      3.17      4.14      5.03      7.02     14.01     0.825
    10       2.91      3.26      4.24      5.14      7.15     14.15     0.850
    10       3.00      3.35      4.34      5.25      7.28     14.28     0.875
    10       3.10      3.46      4.46      5.38      7.41     14.47     0.900
    10       3.22      3.58      4.59      5.51      7.54     14.67     0.925
    10       3.35      3.72      4.74      5.65      7.68     14.76     0.950
    10       3.50      3.87      4.89      5.80      7.81     14.84     0.975
    15       1.60      1.73      2.10      2.45      3.24      5.65    -0.200
    15       1.66      1.80      2.19      2.56      3.39      5.91    -0.150
    15       1.73      1.88      2.29      2.67      3.54      6.19    -0.100
    15       1.81      1.96      2.39      2.80      3.71      6.47    -0.050
    15       1.89      2.04      2.50      2.93      3.88      6.78     0.000
    15       1.93      2.09      2.55      2.99      3.97      6.95     0.025
    15       1.97      2.13      2.61      3.06      4.07      7.11     0.050
    15       2.01      2.18      2.67      3.14      4.17      7.28     0.075
    15       2.06      2.23      2.74      3.21      4.27      7.46     0.100
    15       2.10      2.28      2.80      3.29      4.38      7.64     0.125
    15       2.15      2.33      2.87      3.37      4.49      7.82     0.150
    15       2.20      2.39      2.94      3.46      4.60      8.02     0.175
    15       2.25      2.45      3.01      3.55      4.72      8.24     0.200
    15       2.30      2.50      3.09      3.64      4.84      8.44     0.225
    15       2.36      2.57      3.17      3.73      4.97      8.66     0.250
    15       2.42      2.63      3.25      3.83      5.11      8.88     0.275
    15       2.48      2.70      3.34      3.93      5.24      9.10     0.300
    15       2.54      2.77      3.43      4.04      5.39      9.36     0.325
    15       2.61      2.84      3.52      4.15      5.54      9.60     0.350
    15       2.68      2.92      3.62      4.27      5.69      9.84     0.375
    15       2.75      3.00      3.72      4.39      5.85     10.09     0.400
    15       2.82      3.08      3.83      4.52      6.01     10.34     0.425
    15       2.90      3.17      3.94      4.65      6.19     10.60     0.450
    15       2.98      3.26      4.05      4.79      6.36     10.88     0.475
    15       3.07      3.35      4.18      4.93      6.55     11.14     0.500
    15       3.16      3.45      4.30      5.08      6.74     11.44     0.525
    15       3.25      3.56      4.43      5.23      6.93     11.70     0.550
    15       3.35      3.67      4.57      5.39      7.13     11.99     0.575
    15       3.46      3.78      4.71      5.56      7.33     12.26     0.600
    15       3.56      3.90      4.86      5.72      7.54     12.54     0.625
    15       3.67      4.02      5.01      5.90      7.75     12.86     0.650
    15       3.79      4.15      5.17      6.08      7.96     13.17     0.675
    15       3.91      4.28      5.33      6.26      8.17     13.47     0.700
    15       4.03      4.42      5.49      6.44      8.39     13.76     0.725
    15       4.16      4.56      5.66      6.63      8.61     14.04     0.750
    15       4.30      4.70      5.84      6.83      8.83     14.33     0.775
    15       4.44      4.86      6.02      7.02      9.04     14.54     0.800
    15       4.58      5.02      6.20      7.22      9.26     14.83     0.825
    15       4.74      5.19      6.40      7.43      9.49     15.07     0.850
    15       4.91      5.37      6.61      7.65      9.73     15.37     0.875
    15       5.11      5.58      6.84      7.89      9.97     15.65     0.900
    15       5.34      5.82      7.09      8.14     10.21     15.94     0.925
    15       5.62      6.10      7.37      8.41     10.46     16.20     0.950
    15       5.94      6.42      7.66      8.67     10.70     16.41     0.975
    20       1.74      1.86      2.20      2.52      3.22      5.17    -0.200
    20       1.81      1.94      2.30      2.64      3.37      5.41    -0.150
    20       1.89      2.02      2.40      2.76      3.52      5.66    -0.100
    20       1.97      2.11      2.51      2.88      3.68      5.93    -0.050
    20       2.05      2.20      2.62      3.02      3.86      6.21     0.000
    20       2.10      2.25      2.68      3.09      3.95      6.37     0.025
    20       2.15      2.30      2.75      3.16      4.05      6.52     0.050
    20       2.19      2.35      2.81      3.23      4.14      6.69     0.075
    20       2.24      2.41      2.88      3.31      4.25      6.85     0.100
    20       2.29      2.46      2.94      3.39      4.35      7.01     0.125
    20       2.35      2.52      3.02      3.47      4.46      7.19     0.150
    20       2.40      2.58      3.09      3.56      4.57      7.37     0.175
    20       2.46      2.64      3.17      3.65      4.69      7.56     0.200
    20       2.51      2.70      3.25      3.75      4.82      7.76     0.225
    20       2.58      2.77      3.33      3.84      4.94      7.96     0.250
    20       2.64      2.84      3.41      3.94      5.08      8.20     0.275
    20       2.71      2.91      3.51      4.05      5.22      8.42     0.300
    20       2.78      2.99      3.60      4.16      5.36      8.66     0.325
    20       2.85      3.07      3.70      4.28      5.52      8.91     0.350
    20       2.92      3.15      3.80      4.40      5.68      9.15     0.375
    20       3.00      3.24      3.91      4.53      5.85      9.40     0.400
    20       3.09      3.33      4.03      4.66      6.02      9.67     0.425
    20       3.17      3.42      4.15      4.81      6.21      9.97     0.450
    20       3.27      3.53      4.27      4.95      6.40     10.26     0.475
    20       3.36      3.63      4.41      5.11      6.60     10.56     0.500
    20       3.47      3.74      4.55      5.28      6.81     10.88     0.525
    20       3.57      3.86      4.70      5.45      7.03     11.21     0.550
    20       3.69      3.99      4.85      5.63      7.26     11.54     0.575
    20       3.81      4.12      5.02      5.82      7.51     11.89     0.600
    20       3.94      4.26      5.19      6.03      7.76     12.28     0.625
    20       4.07      4.41      5.37      6.24      8.02     12.67     0.650
    20       4.22      4.57      5.57      6.46      8.29     13.02     0.675
    20       4.37      4.74      5.77      6.69      8.57     13.37     0.700
    20       4.53      4.91      5.98      6.93      8.86     13.75     0.725
    20       4.70      5.10      6.21      7.18      9.15     14.13     0.750
    20       4.88      5.30      6.44      7.44      9.45     14.49     0.775
    20       5.07      5.50      6.68      7.71      9.76     14.84     0.800
    20       5.27      5.72      6.94      7.99     10.08     15.17     0.825
    20       5.49      5.95      7.21      8.28     10.40     15.58     0.850
    20       5.72      6.20      7.49      8.59     10.73     15.99     0.875
    20       5.98      6.48      7.81      8.92     11.09     16.40     0.900
    20       6.30      6.81      8.16      9.28     11.46     16.80     0.925
    20       6.68      7.20      8.56      9.68     11.85     17.21     0.950
    20       7.14      7.66      9.00     10.10     12.23     17.51     0.975
    25       1.81      1.92      2.25      2.55      3.19      4.88    -0.200
    25       1.88      2.00      2.35      2.66      3.34      5.09    -0.150
    25       1.97      2.09      2.45      2.79      3.49      5.33    -0.100
    25       2.05      2.18      2.56      2.91      3.65      5.59    -0.050
    25       2.14      2.28      2.68      3.05      3.83      5.85     0.000
    25       2.19      2.33      2.74      3.12      3.92      5.99     0.025
    25       2.24      2.38      2.80      3.19      4.01      6.14     0.050
    25       2.29      2.44      2.87      3.27      4.11      6.30     0.075
    25       2.34      2.49      2.94      3.34      4.21      6.46     0.100
    25       2.39      2.55      3.01      3.42      4.31      6.63     0.125
    25       2.44      2.61      3.08      3.51      4.42      6.80     0.150
    25       2.50      2.67      3.15      3.59      4.53      6.98     0.175
    25       2.56      2.73      3.23      3.68      4.65      7.17     0.200
    25       2.62      2.80      3.31      3.78      4.77      7.36     0.225
    25       2.68      2.87      3.39      3.88      4.90      7.56     0.250
    25       2.75      2.94      3.48      3.98      5.03      7.78     0.275
    25       2.82      3.01      3.57      4.09      5.17      7.99     0.300
    25       2.89      3.09      3.67      4.20      5.32      8.22     0.325
    25       2.97      3.17      3.77      4.32      5.47      8.46     0.350
    25       3.04      3.26      3.88      4.44      5.63      8.71     0.375
    25       3.13      3.35      3.99      4.57      5.80      8.98     0.400
    25       3.21      3.44      4.10      4.71      5.98      9.25     0.425
    25       3.30      3.54      4.23      4.85      6.17      9.55     0.450
    25       3.40      3.65      4.36      5.01      6.37      9.86     0.475
    25       3.50      3.76      4.50      5.17      6.58     10.19     0.500
    25       3.61      3.88      4.64      5.34      6.80     10.52     0.525
    25       3.73      4.00      4.80      5.52      7.03     10.87     0.550
    25       3.85      4.14      4.96      5.71      7.28     11.25     0.575
    25       3.98      4.28      5.14      5.92      7.54     11.63     0.600
    25       4.12      4.43      5.33      6.14      7.82     12.02     0.625
    25       4.26      4.59      5.53      6.37      8.11     12.45     0.650
    25       4.42      4.77      5.74      6.62      8.42     12.90     0.675
    25       4.59      4.96      5.97      6.88      8.75     13.35     0.700
    25       4.78      5.16      6.22      7.17      9.10     13.82     0.725
    25       4.97      5.37      6.48      7.46      9.46     14.30     0.750
    25       5.19      5.60      6.76      7.78      9.84     14.80     0.775
    25       5.41      5.85      7.06      8.11     10.23     15.27     0.800
    25       5.66      6.11      7.37      8.46     10.63     15.78     0.825
    25       5.92      6.40      7.71      8.83     11.06     16.27     0.850
    25       6.21      6.71      8.07      9.23     11.50     16.82     0.875
    25       6.53      7.05      8.46      9.65     11.96     17.36     0.900
    25       6.91      7.45      8.91     10.12     12.46     17.89     0.925
    25       7.38      7.94      9.42     10.66     13.00     18.37     0.950
    25       7.99      8.56     10.03     11.24     13.55     18.88     0.975
    30       1.85      1.96      2.28      2.56      3.17      4.73    -0.200
    30       1.93      2.05      2.38      2.68      3.31      4.95    -0.150
    30       2.01      2.14      2.48      2.80      3.47      5.18    -0.100
    30       2.10      2.23      2.60      2.93      3.63      5.42    -0.050
    30       2.19      2.33      2.71      3.06      3.80      5.68     0.000
    30       2.24      2.38      2.78      3.13      3.89      5.81     0.025
    30       2.29      2.43      2.84      3.21      3.98      5.96     0.050
    30       2.34      2.49      2.91      3.28      4.08      6.11     0.075
    30       2.40      2.55      2.97      3.36      4.18      6.26     0.100
    30       2.45      2.60      3.04      3.44      4.28      6.42     0.125
    30       2.51      2.66      3.12      3.53      4.39      6.58     0.150
    30       2.56      2.73      3.19      3.61      4.50      6.75     0.175
    30       2.62      2.79      3.27      3.70      4.62      6.93     0.200
    30       2.69      2.86      3.35      3.80      4.74      7.12     0.225
    30       2.75      2.93      3.43      3.89      4.86      7.32     0.250
    30       2.82      3.00      3.52      4.00      4.99      7.52     0.275
    30       2.89      3.08      3.62      4.10      5.13      7.74     0.300
    30       2.96      3.16      3.71      4.22      5.28      7.98     0.325
    30       3.04      3.24      3.81      4.33      5.43      8.22     0.350
    30       3.12      3.33      3.92      4.46      5.59      8.47     0.375
    30       3.20      3.42      4.03      4.59      5.76      8.73     0.400
    30       3.29      3.51      4.15      4.72      5.93      9.01     0.425
    30       3.38      3.61      4.27      4.87      6.12      9.30     0.450
    30       3.48      3.72      4.40      5.02      6.32      9.60     0.475
    30       3.59      3.83      4.54      5.19      6.54      9.92     0.500
    30       3.70      3.96      4.69      5.36      6.76     10.27     0.525
    30       3.82      4.08      4.85      5.55      7.00     10.65     0.550
    30       3.94      4.22      5.02      5.75      7.26     11.05     0.575
    30       4.08      4.37      5.20      5.96      7.53     11.47     0.600
    30       4.22      4.53      5.40      6.19      7.83     11.89     0.625
    30       4.38      4.70      5.61      6.43      8.15     12.34     0.650
    30       4.55      4.88      5.84      6.70      8.48     12.80     0.675
    30       4.73      5.08      6.09      6.99      8.84     13.31     0.700
    30       4.93      5.30      6.35      7.29      9.23     13.86     0.725
    30       5.14      5.53      6.64      7.63      9.64     14.41     0.750
    30       5.38      5.79      6.96      7.99     10.08     15.04     0.775
    30       5.64      6.07      7.30      8.38     10.55     15.62     0.800
    30       5.92      6.38      7.66      8.79     11.04     16.27     0.825
    30       6.22      6.71      8.06      9.23     11.56     16.87     0.850
    30       6.56      7.08      8.49      9.71     12.10     17.53     0.875
    30       6.94      7.48      8.96     10.23     12.69     18.18     0.900
    30       7.38      7.95      9.50     10.80     13.32     18.89     0.925
    30       7.94      8.54     10.13     11.47     14.01     19.59     0.950
    30       8.68      9.30     10.90     12.23     14.74     20.22     0.975
    35       1.88      1.99      2.29      2.57      3.15      4.62    -0.200
    35       1.96      2.07      2.40      2.69      3.30      4.84    -0.150
    35       2.05      2.17      2.50      2.81      3.45      5.07    -0.100
    35       2.14      2.26      2.62      2.94      3.61      5.31    -0.050
    35       2.23      2.36      2.74      3.08      3.78      5.56     0.000
    35       2.28      2.42      2.80      3.15      3.87      5.70     0.025
    35       2.33      2.47      2.86      3.22      3.96      5.84     0.050
    35       2.38      2.53      2.93      3.30      4.06      5.98     0.075
    35       2.44      2.58      3.00      3.37      4.15      6.13     0.100
    35       2.49      2.64      3.07      3.45      4.26      6.29     0.125
    35       2.55      2.70      3.14      3.54      4.36      6.45     0.150
    35       2.61      2.77      3.22      3.62      4.47      6.62     0.175
    35       2.67      2.83      3.29      3.71      4.59      6.79     0.200
    35       2.73      2.90      3.38      3.81      4.71      6.99     0.225
    35       2.80      2.97      3.46      3.91      4.83      7.19     0.250
    35       2.87      3.04      3.55      4.01      4.96      7.38     0.275
    35       2.94      3.12      3.64      4.11      5.10      7.60     0.300
    35       3.01      3.20      3.74      4.23      5.24      7.83     0.325
    35       3.09      3.28      3.84      4.34      5.39      8.06     0.350
    35       3.17      3.37      3.95      4.47      5.55      8.31     0.375
    35       3.26      3.46      4.06      4.60      5.72      8.57     0.400
    35       3.35      3.56      4.18      4.73      5.90      8.84     0.425
    35       3.44      3.66      4.30      4.88      6.09      9.14     0.450
    35       3.54      3.77      4.43      5.03      6.29      9.44     0.475
    35       3.65      3.89      4.57      5.20      6.50      9.77     0.500
    35       3.76      4.01      4.72      5.37      6.73     10.13     0.525
    35       3.88      4.14      4.89      5.56      6.97     10.50     0.550
    35       4.01      4.28      5.06      5.76      7.23     10.90     0.575
    35       4.15      4.43      5.24      5.98      7.52     11.33     0.600
    35       4.29      4.59      5.44      6.21      7.82     11.78     0.625
    35       4.45      4.77      5.66      6.47      8.15     12.28     0.650
    35       4.63      4.96      5.90      6.74      8.50     12.78     0.675
    35       4.82      5.17      6.16      7.04      8.89     13.32     0.700
    35       5.03      5.39      6.44      7.37      9.31     13.91     0.725
    35       5.26      5.64      6.75      7.73      9.76     14.55     0.750
    35       5.51      5.92      7.09      8.12     10.25     15.21     0.775
    35       5.79      6.23      7.46      8.55     10.77     15.94     0.800
    35       6.10      6.57      7.87      9.02     11.33     16.68     0.825
    35       6.45      6.95      8.33      9.54     11.94     17.45     0.850
    35       6.83      7.36      8.82     10.09     12.58     18.21     0.875
    35       7.26      7.83      9.38     10.70     13.28     19.01     0.900
    35       7.77      8.37     10.00     11.38     14.04     19.89     0.925
    35       8.40      9.04     10.74     12.17     14.89     20.78     0.950
    35       9.28      9.94     11.68     13.11     15.82     21.62     0.975
    40       1.90      2.01      2.31      2.58      3.14      4.54    -0.200
    40       1.98      2.09      2.41      2.69      3.29      4.75    -0.150
    40       2.07      2.19      2.52      2.82      3.44      4.97    -0.100
    40       2.16      2.29      2.63      2.95      3.60      5.20    -0.050
    40       2.26      2.39      2.75      3.08      3.77      5.46     0.000
    40       2.31      2.44      2.82      3.16      3.86      5.59     0.025
    40       2.36      2.50      2.88      3.23      3.95      5.72     0.050
    40       2.41      2.55      2.95      3.30      4.04      5.87     0.075
    40       2.47      2.61      3.02      3.38      4.14      6.02     0.100
    40       2.52      2.67      3.09      3.46      4.24      6.17     0.125
    40       2.58      2.73      3.16      3.55      4.35      6.33     0.150
    40       2.64      2.80      3.24      3.63      4.46      6.50     0.175
    40       2.70      2.86      3.31      3.72      4.57      6.67     0.200
    40       2.77      2.93      3.40      3.82      4.69      6.85     0.225
    40       2.83      3.00      3.48      3.92      4.81      7.04     0.250
    40       2.90      3.08      3.57      4.02      4.94      7.24     0.275
    40       2.98      3.15      3.66      4.12      5.08      7.45     0.300
    40       3.05      3.23      3.76      4.23      5.22      7.67     0.325
    40       3.13      3.32      3.86      4.35      5.37      7.90     0.350
    40       3.21      3.41      3.97      4.48      5.53      8.15     0.375
    40       3.30      3.50      4.08      4.61      5.70      8.40     0.400
    40       3.39      3.60      4.20      4.74      5.87      8.68     0.425
    40       3.48      3.70      4.32      4.89      6.06      8.97     0.450
    40       3.58      3.81      4.46      5.04      6.26      9.29     0.475
    40       3.69      3.93      4.60      5.21      6.47      9.62     0.500
    40       3.81      4.05      4.75      5.38      6.70      9.97     0.525
    40       3.93      4.18      4.91      5.57      6.95     10.35     0.550
    40       4.06      4.32      5.08      5.78      7.21     10.75     0.575
    40       4.20      4.48      5.27      6.00      7.50     11.20     0.600
    40       4.35      4.64      5.47      6.23      7.81     11.67     0.625
    40       4.51      4.82      5.70      6.49      8.14     12.19     0.650
    40       4.69      5.01      5.94      6.78      8.51     12.74     0.675
    40       4.89      5.23      6.20      7.08      8.91     13.34     0.700
    40       5.10      5.46      6.50      7.43      9.34     13.99     0.725
    40       5.34      5.73      6.82      7.80      9.82     14.66     0.750
    40       5.61      6.02      7.18      8.22     10.35     15.37     0.775
    40       5.90      6.34      7.58      8.69     10.93     16.16     0.800
    40       6.24      6.71      8.03      9.20     11.55     17.03     0.825
    40       6.62      7.12      8.53      9.77     12.24     17.88     0.850
    40       7.04      7.59      9.09     10.40     12.98     18.78     0.875
    40       7.53      8.11      9.71     11.09     13.79     19.77     0.900
    40       8.09      8.72     10.42     11.87     14.67     20.80     0.925
    40       8.80      9.47     11.28     12.79     15.68     21.88     0.950
    40       9.80     10.51     12.38     13.91     16.80     23.00     0.975
    45       1.92      2.02      2.32      2.58      3.13      4.48    -0.200
    45       2.00      2.11      2.42      2.70      3.28      4.69    -0.150
    45       2.09      2.21      2.53      2.82      3.43      4.91    -0.100
    45       2.18      2.31      2.65      2.95      3.59      5.14    -0.050
    45       2.28      2.41      2.77      3.09      3.76      5.39     0.000
    45       2.33      2.46      2.83      3.16      3.85      5.53     0.025
    45       2.38      2.52      2.90      3.24      3.94      5.66     0.050
    45       2.44      2.57      2.96      3.31      4.03      5.80     0.075
    45       2.49      2.63      3.03      3.39      4.13      5.94     0.100
    45       2.55      2.69      3.10      3.47      4.23      6.09     0.125
    45       2.61      2.76      3.18      3.55      4.34      6.25     0.150
    45       2.67      2.82      3.25      3.64      4.45      6.41     0.175
    45       2.73      2.89      3.33      3.73      4.56      6.59     0.200
    45       2.80      2.96      3.41      3.82      4.68      6.77     0.225
    45       2.86      3.03      3.50      3.92      4.80      6.96     0.250
    45       2.93      3.10      3.59      4.02      4.93      7.15     0.275
    45       3.00      3.18      3.68      4.13      5.06      7.36     0.300
    45       3.08      3.26      3.78      4.24      5.21      7.58     0.325
    45       3.16      3.35      3.88      4.36      5.36      7.80     0.350
    45       3.24      3.44      3.99      4.48      5.51      8.04     0.375
    45       3.33      3.53      4.10      4.61      5.68      8.28     0.400
    45       3.42      3.63      4.22      4.75      5.85      8.57     0.425
    45       3.52      3.73      4.34      4.89      6.04      8.86     0.450
    45       3.62      3.84      4.47      5.05      6.24      9.17     0.475
    45       3.73      3.96      4.62      5.21      6.45      9.51     0.500
    45       3.84      4.08      4.77      5.39      6.68      9.87     0.525
    45       3.97      4.22      4.93      5.58      6.93     10.24     0.550
    45       4.10      4.36      5.10      5.78      7.19     10.64     0.575
    45       4.24      4.51      5.29      6.00      7.48     11.08     0.600
    45       4.39      4.68      5.50      6.24      7.79     11.56     0.625
    45       4.56      4.86      5.72      6.50      8.13     12.09     0.650
    45       4.74      5.06      5.97      6.79      8.50     12.66     0.675
    45       4.94      5.28      6.24      7.11      8.91     13.28     0.700
    45       5.16      5.52      6.54      7.46      9.36     13.96     0.725
    45       5.40      5.79      6.87      7.85      9.86     14.65     0.750
    45       5.68      6.09      7.25      8.29     10.41     15.44     0.775
    45       5.99      6.43      7.67      8.78     11.03     16.32     0.800
    45       6.35      6.82      8.15      9.33     11.71     17.24     0.825
    45       6.75      7.26      8.69      9.95     12.47     18.27     0.850
    45       7.21      7.77      9.30     10.64     13.30     19.32     0.875
    45       7.75      8.35      9.99     11.42     14.21     20.47     0.900
    45       8.38      9.02     10.79     12.30     15.23     21.63     0.925
    45       9.15      9.85     11.74     13.34     16.38     22.95     0.950
    45      10.27     11.02     13.00     14.64     17.71     24.23     0.975
    50       1.93      2.03      2.32      2.58      3.12      4.44    -0.200
    50       2.02      2.13      2.43      2.70      3.27      4.65    -0.150
    50       2.11      2.22      2.54      2.83      3.42      4.87    -0.100
    50       2.20      2.32      2.66      2.96      3.58      5.09    -0.050
    50       2.30      2.43      2.78      3.10      3.75      5.34     0.000
    50       2.35      2.48      2.84      3.17      3.84      5.47     0.025
    50       2.40      2.54      2.91      3.24      3.93      5.61     0.050
    50       2.46      2.59      2.97      3.32      4.02      5.74     0.075
    50       2.51      2.65      3.04      3.40      4.12      5.89     0.100
    50       2.57      2.71      3.11      3.48      4.22      6.04     0.125
    50       2.63      2.77      3.19      3.56      4.33      6.20     0.150
    50       2.69      2.84      3.26      3.65      4.44      6.36     0.175
    50       2.75      2.91      3.34      3.74      4.55      6.52     0.200
    50       2.82      2.98      3.43      3.83      4.67      6.70     0.225
    50       2.89      3.05      3.51      3.93      4.79      6.88     0.250
    50       2.96      3.12      3.60      4.03      4.92      7.07     0.275
    50       3.03      3.20      3.69      4.14      5.05      7.28     0.300
    50       3.11      3.28      3.79      4.25      5.19      7.49     0.325
    50       3.19      3.37      3.89      4.36      5.34      7.72     0.350
    50       3.27      3.46      4.00      4.49      5.50      7.96     0.375
    50       3.36      3.55      4.11      4.62      5.66      8.22     0.400
    50       3.45      3.65      4.23      4.75      5.84      8.48     0.425
    50       3.55      3.76      4.36      4.90      6.02      8.77     0.450
    50       3.65      3.87      4.49      5.05      6.22      9.08     0.475
    50       3.76      3.98      4.63      5.22      6.43      9.41     0.500
    50       3.87      4.11      4.78      5.39      6.66      9.76     0.525
    50       4.00      4.24      4.95      5.58      6.91     10.13     0.550
    50       4.13      4.39      5.12      5.79      7.17     10.54     0.575
    50       4.27      4.54      5.31      6.01      7.46     10.99     0.600
    50       4.43      4.71      5.52      6.25      7.77     11.46     0.625
    50       4.60      4.89      5.74      6.51      8.11     12.00     0.650
    50       4.78      5.09      5.99      6.80      8.49     12.58     0.675
    50       4.98      5.31      6.26      7.12      8.91     13.21     0.700
    50       5.21      5.56      6.57      7.48      9.37     13.88     0.725
    50       5.46      5.83      6.91      7.88      9.89     14.64     0.750
    50       5.74      6.15      7.30      8.33     10.46     15.48     0.775
    50       6.06      6.50      7.74      8.84     11.11     16.40     0.800
    50       6.43      6.90      8.24      9.42     11.83     17.44     0.825
    50       6.86      7.37      8.81     10.08     12.64     18.53     0.850
    50       7.36      7.91      9.47     10.84     13.56     19.71     0.875
    50       7.94      8.54     10.23     11.69     14.57     20.98     0.900
    50       8.62      9.28     11.11     12.67     15.70     22.37     0.925
    50       9.47     10.20     12.17     13.83     17.00     23.84     0.950
    50      10.69     11.48     13.57     15.29     18.54     25.39     0.975
    55       1.94      2.04      2.33      2.59      3.11      4.39    -0.200
    55       2.03      2.14      2.44      2.71      3.26      4.59    -0.150
    55       2.12      2.23      2.55      2.83      3.41      4.81    -0.100
    55       2.22      2.33      2.67      2.96      3.57      5.05    -0.050
    55       2.32      2.44      2.79      3.10      3.74      5.30     0.000
    55       2.37      2.49      2.85      3.17      3.83      5.43     0.025
    55       2.42      2.55      2.92      3.25      3.92      5.56     0.050
    55       2.47      2.61      2.98      3.32      4.02      5.70     0.075
    55       2.53      2.67      3.05      3.40      4.11      5.84     0.100
    55       2.59      2.73      3.13      3.48      4.21      5.99     0.125
    55       2.65      2.79      3.20      3.57      4.32      6.14     0.150
    55       2.71      2.86      3.28      3.65      4.43      6.30     0.175
    55       2.77      2.92      3.36      3.74      4.54      6.47     0.200
    55       2.84      2.99      3.44      3.84      4.66      6.64     0.225
    55       2.91      3.07      3.52      3.93      4.78      6.83     0.250
    55       2.98      3.14      3.61      4.03      4.91      7.02     0.275
    55       3.05      3.22      3.71      4.14      5.04      7.21     0.300
    55       3.13      3.30      3.80      4.25      5.18      7.42     0.325
    55       3.21      3.39      3.91      4.37      5.33      7.65     0.350
    55       3.29      3.48      4.01      4.49      5.48      7.89     0.375
    55       3.38      3.57      4.12      4.62      5.65      8.14     0.400
    55       3.47      3.67      4.24      4.76      5.82      8.40     0.425
    55       3.57      3.78      4.37      4.90      6.00      8.69     0.450
    55       3.67      3.89      4.50      5.06      6.20      8.99     0.475
    55       3.78      4.01      4.65      5.22      6.41      9.33     0.500
    55       3.90      4.13      4.80      5.40      6.64      9.67     0.525
    55       4.02      4.27      4.96      5.59      6.88     10.05     0.550
    55       4.16      4.41      5.14      5.79      7.15     10.45     0.575
    55       4.30      4.57      5.33      6.01      7.43     10.89     0.600
    55       4.46      4.74      5.53      6.25      7.75     11.38     0.625
    55       4.63      4.92      5.76      6.52      8.09     11.90     0.650
    55       4.81      5.12      6.01      6.81      8.47     12.49     0.675
    55       5.02      5.35      6.29      7.14      8.89     13.11     0.700
    55       5.25      5.60      6.59      7.50      9.36     13.82     0.725
    55       5.50      5.88      6.94      7.90      9.89     14.59     0.750
    55       5.79      6.19      7.34      8.36     10.48     15.46     0.775
    55       6.12      6.55      7.79      8.89     11.15     16.45     0.800
    55       6.50      6.97      8.30      9.49     11.91     17.55     0.825
    55       6.95      7.46      8.91     10.19     12.78     18.72     0.850
    55       7.47      8.03      9.61     11.00     13.76     20.00     0.875
    55       8.09      8.71     10.43     11.92     14.87     21.41     0.900
    55       8.83      9.51     11.38     12.99     16.11     22.94     0.925
    55       9.75     10.50     12.54     14.26     17.57     24.70     0.950
    55      11.08     11.91     14.09     15.90     19.31     26.44     0.975
    60       1.95      2.05      2.34      2.59      3.11      4.35    -0.200
    60       2.04      2.15      2.44      2.71      3.26      4.56    -0.150
    60       2.13      2.24      2.56      2.84      3.41      4.77    -0.100
    60       2.23      2.34      2.67      2.97      3.57      5.01    -0.050
    60       2.33      2.45      2.80      3.11      3.74      5.25     0.000
    60       2.38      2.51      2.86      3.18      3.83      5.38     0.025
    60       2.43      2.56      2.93      3.25      3.92      5.51     0.050
    60       2.49      2.62      2.99      3.33      4.01      5.65     0.075
    60       2.54      2.68      3.06      3.41      4.11      5.79     0.100
    60       2.60      2.74      3.14      3.49      4.21      5.93     0.125
    60       2.66      2.81      3.21      3.57      4.31      6.08     0.150
    60       2.72      2.87      3.29      3.66      4.42      6.24     0.175
    60       2.79      2.94      3.37      3.75      4.53      6.41     0.200
    60       2.85      3.01      3.45      3.84      4.65      6.58     0.225
    60       2.92      3.08      3.53      3.94      4.77      6.76     0.250
    60       2.99      3.16      3.62      4.04      4.90      6.95     0.275
    60       3.07      3.24      3.72      4.15      5.03      7.15     0.300
    60       3.15      3.32      3.81      4.26      5.17      7.36     0.325
    60       3.23      3.41      3.92      4.38      5.32      7.59     0.350
    60       3.31      3.50      4.02      4.50      5.47      7.82     0.375
    60       3.40      3.59      4.14      4.63      5.64      8.08     0.400
    60       3.49      3.69      4.26      4.77      5.81      8.34     0.425
    60       3.59      3.80      4.38      4.91      5.99      8.63     0.450
    60       3.70      3.91      4.52      5.06      6.19      8.93     0.475
    60       3.81      4.03      4.66      5.23      6.40      9.26     0.500
    60       3.92      4.15      4.81      5.40      6.63      9.60     0.525
    60       4.05      4.29      4.97      5.59      6.87      9.98     0.550
    60       4.18      4.43      5.15      5.80      7.13     10.39     0.575
    60       4.33      4.59      5.34      6.02      7.42     10.83     0.600
    60       4.49      4.76      5.55      6.26      7.73     11.32     0.625
    60       4.66      4.95      5.78      6.53      8.08     11.83     0.650
    60       4.85      5.15      6.03      6.82      8.46     12.40     0.675
    60       5.05      5.38      6.30      7.15      8.88     13.05     0.700
    60       5.28      5.63      6.62      7.51      9.35     13.76     0.725
    60       5.54      5.91      6.97      7.92      9.89     14.58     0.750
    60       5.84      6.23      7.37      8.39     10.49     15.48     0.775
    60       6.17      6.60      7.83      8.93     11.18     16.49     0.800
    60       6.57      7.03      8.36      9.55     11.97     17.61     0.825
    60       7.03      7.54      8.99     10.27     12.88     18.90     0.850
    60       7.57      8.14      9.72     11.12     13.93     20.30     0.875
    60       8.23      8.85     10.59     12.11     15.12     21.80     0.900
    60       9.02      9.72     11.62     13.28     16.48     23.49     0.925
    60      10.01     10.78     12.88     14.66     18.07     25.40     0.950
    60      11.44     12.30     14.57     16.46     20.02     27.48     0.975
    65       1.96      2.06      2.34      2.59      3.10      4.32    -0.200
    65       2.05      2.15      2.45      2.71      3.25      4.53    -0.150
    65       2.14      2.25      2.56      2.84      3.40      4.75    -0.100
    65       2.24      2.35      2.68      2.97      3.56      4.97    -0.050
    65       2.34      2.46      2.80      3.11      3.73      5.22     0.000
    65       2.39      2.52      2.87      3.18      3.82      5.34     0.025
    65       2.45      2.57      2.93      3.26      3.91      5.47     0.050
    65       2.50      2.63      3.00      3.33      4.01      5.61     0.075
    65       2.56      2.69      3.07      3.41      4.10      5.75     0.100
    65       2.62      2.75      3.14      3.49      4.20      5.89     0.125
    65       2.68      2.82      3.22      3.58      4.31      6.05     0.150
    65       2.74      2.88      3.30      3.66      4.41      6.20     0.175
    65       2.80      2.95      3.38      3.75      4.53      6.37     0.200
    65       2.87      3.02      3.46      3.85      4.64      6.54     0.225
    65       2.94      3.10      3.54      3.94      4.76      6.73     0.250
    65       3.01      3.17      3.63      4.05      4.89      6.91     0.275
    65       3.09      3.25      3.73      4.15      5.02      7.11     0.300
    65       3.16      3.34      3.82      4.26      5.16      7.32     0.325
    65       3.24      3.42      3.93      4.38      5.31      7.54     0.350
    65       3.33      3.51      4.03      4.50      5.46      7.77     0.375
    65       3.42      3.61      4.15      4.63      5.63      8.02     0.400
    65       3.51      3.71      4.27      4.77      5.80      8.28     0.425
    65       3.61      3.82      4.39      4.91      5.98      8.56     0.450
    65       3.72      3.93      4.53      5.07      6.18      8.87     0.475
    65       3.83      4.05      4.67      5.23      6.39      9.19     0.500
    65       3.95      4.17      4.82      5.41      6.62      9.53     0.525
    65       4.07      4.31      4.99      5.60      6.86      9.91     0.550
    65       4.21      4.46      5.16      5.80      7.12     10.31     0.575
    65       4.35      4.61      5.35      6.02      7.41     10.75     0.600
    65       4.51      4.78      5.56      6.26      7.72     11.23     0.625
    65       4.68      4.97      5.79      6.53      8.07     11.74     0.650
    65       4.87      5.18      6.04      6.83      8.45     12.33     0.675
    65       5.08      5.40      6.32      7.15      8.87     12.97     0.700
    65       5.32      5.66      6.64      7.52      9.35     13.72     0.725
    65       5.58      5.94      6.99      7.93      9.89     14.55     0.750
    65       5.88      6.27      7.39      8.41     10.50     15.47     0.775
    65       6.22      6.65      7.86      8.96     11.21     16.51     0.800
    65       6.62      7.08      8.41      9.59     12.02     17.72     0.825
    65       7.09      7.60      9.05     10.34     12.97     19.04     0.850
    65       7.66      8.22      9.82     11.23     14.07     20.48     0.875
    65       8.35      8.98     10.73     12.28     15.34     22.17     0.900
    65       9.19      9.89     11.84     13.52     16.82     23.96     0.925
    65      10.25     11.04     13.19     15.02     18.54     26.12     0.950
    65      11.77     12.66     15.02     16.98     20.67     28.45     0.975
    70       1.97      2.07      2.35      2.59      3.10      4.31    -0.200
    70       2.06      2.16      2.45      2.72      3.25      4.52    -0.150
    70       2.15      2.26      2.57      2.84      3.40      4.74    -0.100
    70       2.25      2.36      2.69      2.97      3.56      4.97    -0.050
    70       2.35      2.47      2.81      3.11      3.73      5.22     0.000
    70       2.40      2.53      2.88      3.19      3.82      5.35     0.025
    70       2.46      2.58      2.94      3.26      3.91      5.48     0.050
    70       2.51      2.64      3.01      3.34      4.00      5.61     0.075
    70       2.57      2.70      3.08      3.42      4.10      5.75     0.100
    70       2.63      2.77      3.15      3.50      4.20      5.90     0.125
    70       2.69      2.83      3.23      3.58      4.30      6.05     0.150
    70       2.75      2.90      3.30      3.67      4.41      6.20     0.175
    70       2.82      2.96      3.38      3.76      4.52      6.36     0.200
    70       2.88      3.04      3.47      3.85      4.64      6.53     0.225
    70       2.95      3.11      3.55      3.95      4.76      6.72     0.250
    70       3.02      3.19      3.64      4.05      4.89      6.91     0.275
    70       3.10      3.27      3.74      4.16      5.02      7.10     0.300
    70       3.18      3.35      3.83      4.27      5.16      7.31     0.325
    70       3.26      3.44      3.94      4.39      5.30      7.52     0.350
    70       3.35      3.53      4.04      4.51      5.46      7.75     0.375
    70       3.44      3.62      4.16      4.64      5.62      7.99     0.400
    70       3.53      3.72      4.28      4.77      5.79      8.25     0.425
    70       3.63      3.83      4.40      4.92      5.98      8.53     0.450
    70       3.73      3.94      4.54      5.07      6.17      8.83     0.475
    70       3.85      4.06      4.68      5.24      6.38      9.14     0.500
    70       3.96      4.19      4.83      5.41      6.61      9.48     0.525
    70       4.09      4.33      5.00      5.60      6.85      9.85     0.550
    70       4.23      4.47      5.18      5.81      7.11     10.25     0.575
    70       4.37      4.63      5.37      6.03      7.40     10.69     0.600
    70       4.53      4.80      5.58      6.27      7.71     11.17     0.625
    70       4.71      4.99      5.80      6.54      8.06     11.70     0.650
    70       4.90      5.20      6.06      6.83      8.44     12.28     0.675
    70       5.11      5.43      6.34      7.16      8.86     12.94     0.700
    70       5.34      5.68      6.65      7.53      9.34     13.67     0.725
    70       5.61      5.97      7.01      7.95      9.88     14.49     0.750
    70       5.91      6.30      7.42      8.43     10.50     15.41     0.775
    70       6.26      6.68      7.89      8.98     11.22     16.48     0.800
    70       6.67      7.13      8.45      9.63     12.05     17.70     0.825
    70       7.15      7.66      9.11     10.40     13.02     19.11     0.850
    70       7.74      8.30      9.90     11.31     14.17     20.66     0.875
    70       8.45      9.08     10.86     12.42     15.52     22.48     0.900
    70       9.34     10.05     12.02     13.74     17.10     24.45     0.925
    70      10.47     11.27     13.47     15.35     18.97     26.72     0.950
    70      12.08     13.00     15.43     17.46     21.30     29.32     0.975
    75       1.97      2.07      2.35      2.60      3.10      4.29    -0.200
    75       2.07      2.17      2.46      2.72      3.24      4.49    -0.150
    75       2.16      2.27      2.57      2.84      3.40      4.71    -0.100
    75       2.26      2.37      2.69      2.98      3.56      4.94    -0.050
    75       2.36      2.48      2.82      3.12      3.73      5.18     0.000
    75       2.41      2.54      2.88      3.19      3.82      5.31     0.025
    75       2.47      2.59      2.95      3.26      3.91      5.44     0.050
    75       2.52      2.65      3.02      3.34      4.00      5.57     0.075
    75       2.58      2.71      3.09      3.42      4.10      5.71     0.100
    75       2.64      2.77      3.16      3.50      4.20      5.86     0.125
    75       2.70      2.84      3.23      3.59      4.30      6.01     0.150
    75       2.76      2.91      3.31      3.67      4.41      6.17     0.175
    75       2.83      2.98      3.39      3.76      4.52      6.33     0.200
    75       2.89      3.05      3.47      3.86      4.64      6.50     0.225
    75       2.96      3.12      3.56      3.95      4.76      6.68     0.250
    75       3.04      3.20      3.65      4.06      4.89      6.87     0.275
    75       3.11      3.28      3.74      4.16      5.02      7.06     0.300
    75       3.19      3.36      3.84      4.27      5.16      7.27     0.325
    75       3.27      3.45      3.95      4.39      5.30      7.48     0.350
    75       3.36      3.54      4.05      4.51      5.46      7.72     0.375
    75       3.45      3.64      4.17      4.64      5.62      7.97     0.400
    75       3.54      3.74      4.29      4.78      5.79      8.23     0.425
    75       3.64      3.85      4.41      4.92      5.97      8.50     0.450
    75       3.75      3.96      4.55      5.08      6.17      8.80     0.475
    75       3.86      4.08      4.69      5.24      6.38      9.12     0.500
    75       3.98      4.21      4.84      5.42      6.60      9.46     0.525
    75       4.11      4.34      5.01      5.61      6.84      9.83     0.550
    75       4.25      4.49      5.19      5.81      7.10     10.23     0.575
    75       4.39      4.65      5.38      6.03      7.39     10.67     0.600
    75       4.55      4.82      5.59      6.28      7.70     11.15     0.625
    75       4.73      5.01      5.82      6.54      8.04     11.69     0.650
    75       4.92      5.22      6.07      6.84      8.43     12.26     0.675
    75       5.13      5.45      6.35      7.17      8.85     12.91     0.700
    75       5.37      5.71      6.67      7.54      9.33     13.66     0.725
    75       5.64      6.00      7.03      7.96      9.88     14.48     0.750
    75       5.94      6.33      7.44      8.44     10.50     15.41     0.775
    75       6.29      6.72      7.92      9.00     11.23     16.48     0.800
    75       6.71      7.17      8.48      9.66     12.07     17.74     0.825
    75       7.20      7.71      9.15     10.44     13.07     19.20     0.850
    75       7.80      8.37      9.96     11.39     14.26     20.86     0.875
    75       8.54      9.18     10.96     12.54     15.67     22.73     0.900
    75       9.47     10.20     12.19     13.94     17.36     24.86     0.925
    75      10.67     11.49     13.73     15.65     19.36     27.30     0.950
    75      12.37     13.31     15.82     17.92     21.89     30.20     0.975
    80       1.98      2.08      2.35      2.60      3.10      4.27    -0.200
    80       2.07      2.17      2.46      2.72      3.24      4.47    -0.150
    80       2.17      2.27      2.58      2.85      3.40      4.69    -0.100
    80       2.26      2.38      2.70      2.98      3.56      4.92    -0.050
    80       2.37      2.49      2.82      3.12      3.73      5.16     0.000
    80       2.42      2.54      2.89      3.19      3.82      5.29     0.025
    80       2.48      2.60      2.95      3.27      3.91      5.42     0.050
    80       2.53      2.66      3.02      3.34      4.00      5.55     0.075
    80       2.59      2.72      3.09      3.42      4.10      5.69     0.100
    80       2.65      2.78      3.16      3.51      4.20      5.83     0.125
    80       2.71      2.85      3.24      3.59      4.30      5.98     0.150
    80       2.77      2.92      3.32      3.68      4.41      6.14     0.175
    80       2.84      2.98      3.40      3.77      4.52      6.30     0.200
    80       2.91      3.06      3.48      3.86      4.64      6.47     0.225
    80       2.98      3.13      3.57      3.96      4.76      6.64     0.250
    80       3.05      3.21      3.66      4.06      4.88      6.84     0.275
    80       3.12      3.29      3.75      4.17      5.02      7.03     0.300
    80       3.20      3.37      3.85      4.28      5.16      7.23     0.325
    80       3.29      3.46      3.95      4.40      5.30      7.44     0.350
    80       3.37      3.55      4.06      4.52      5.45      7.67     0.375
    80       3.46      3.65      4.18      4.65      5.62      7.91     0.400
    80       3.56      3.75      4.30      4.79      5.79      8.17     0.425
    80       3.66      3.86      4.42      4.93      5.97      8.45     0.450
    80       3.76      3.97      4.56      5.08      6.16      8.75     0.475
    80       3.88      4.09      4.70      5.25      6.37      9.06     0.500
    80       4.00      4.22      4.85      5.42      6.60      9.40     0.525
    80       4.13      4.36      5.02      5.61      6.84      9.77     0.550
    80       4.26      4.51      5.20      5.82      7.10     10.16     0.575
    80       4.41      4.67      5.39      6.04      7.38     10.60     0.600
    80       4.57      4.84      5.60      6.28      7.69     11.08     0.625
    80       4.75      5.03      5.83      6.55      8.04     11.60     0.650
    80       4.94      5.24      6.08      6.84      8.42     12.19     0.675
    80       5.16      5.47      6.36      7.17      8.85     12.85     0.700
    80       5.39      5.73      6.68      7.54      9.33     13.59     0.725
    80       5.66      6.02      7.04      7.97      9.88     14.42     0.750
    80       5.97      6.36      7.45      8.45     10.50     15.36     0.775
    80       6.33      6.74      7.94      9.02     11.23     16.48     0.800
    80       6.75      7.20      8.51      9.68     12.09     17.75     0.825
    80       7.25      7.75      9.19     10.48     13.11     19.27     0.850
    80       7.86      8.42     10.02     11.45     14.33     20.97     0.875
    80       8.62      9.26     11.05     12.64     15.81     22.98     0.900
    80       9.59     10.32     12.34     14.10     17.59     25.26     0.925
    80      10.85     11.68     13.97     15.93     19.72     27.83     0.950
    80      12.65     13.61     16.19     18.35     22.43     30.98     0.975
    85       1.99      2.08      2.36      2.60      3.09      4.27    -0.200
    85       2.08      2.18      2.47      2.72      3.24      4.47    -0.150
    85       2.17      2.28      2.58      2.85      3.40      4.69    -0.100
    85       2.27      2.38      2.70      2.98      3.56      4.91    -0.050
    85       2.38      2.49      2.83      3.12      3.73      5.15     0.000
    85       2.43      2.55      2.89      3.20      3.82      5.28     0.025
    85       2.48      2.61      2.96      3.27      3.91      5.41     0.050
    85       2.54      2.67      3.03      3.35      4.00      5.54     0.075
    85       2.60      2.73      3.10      3.43      4.10      5.68     0.100
    85       2.66      2.79      3.17      3.51      4.20      5.83     0.125
    85       2.72      2.86      3.25      3.59      4.30      5.98     0.150
    85       2.78      2.92      3.32      3.68      4.41      6.13     0.175
    85       2.85      2.99      3.40      3.77      4.52      6.30     0.200
    85       2.92      3.07      3.49      3.86      4.64      6.47     0.225
    85       2.99      3.14      3.58      3.96      4.76      6.65     0.250
    85       3.06      3.22      3.67      4.06      4.88      6.83     0.275
    85       3.14      3.30      3.76      4.17      5.02      7.03     0.300
    85       3.22      3.38      3.86      4.28      5.15      7.23     0.325
    85       3.30      3.47      3.96      4.40      5.30      7.45     0.350
    85       3.38      3.56      4.07      4.52      5.45      7.68     0.375
    85       3.48      3.66      4.18      4.65      5.61      7.91     0.400
    85       3.57      3.76      4.30      4.79      5.79      8.17     0.425
    85       3.67      3.87      4.43      4.93      5.97      8.44     0.450
    85       3.78      3.98      4.57      5.09      6.16      8.73     0.475
    85       3.89      4.10      4.71      5.25      6.37      9.04     0.500
    85       4.01      4.23      4.86      5.43      6.59      9.38     0.525
    85       4.14      4.37      5.03      5.62      6.83      9.75     0.550
    85       4.28      4.52      5.21      5.82      7.09     10.13     0.575
    85       4.43      4.68      5.40      6.04      7.38     10.57     0.600
    85       4.59      4.85      5.61      6.29      7.69     11.05     0.625
    85       4.77      5.04      5.84      6.55      8.03     11.58     0.650
    85       4.96      5.25      6.09      6.85      8.41     12.17     0.675
    85       5.18      5.49      6.38      7.18      8.84     12.84     0.700
    85       5.42      5.75      6.69      7.55      9.32     13.59     0.725
    85       5.69      6.04      7.06      7.97      9.87     14.45     0.750
    85       6.00      6.38      7.47      8.46     10.50     15.40     0.775
    85       6.35      6.77      7.95      9.03     11.24     16.52     0.800
    85       6.78      7.23      8.53      9.70     12.10     17.83     0.825
    85       7.29      7.79      9.22     10.51     13.14     19.33     0.850
    85       7.91      8.47     10.07     11.50     14.40     21.10     0.875
    85       8.69      9.33     11.13     12.72     15.93     23.14     0.900
    85       9.70     10.43     12.47     14.26     17.79     25.56     0.925
    85      11.02     11.86     14.19     16.18     20.05     28.39     0.950
    85      12.90     13.89     16.53     18.75     22.95     31.70     0.975
    90       1.99      2.09      2.36      2.60      3.09      4.26    -0.200
    90       2.08      2.18      2.47      2.72      3.24      4.46    -0.150
    90       2.18      2.29      2.58      2.85      3.40      4.68    -0.100
    90       2.28      2.39      2.70      2.99      3.56      4.91    -0.050
    90       2.38      2.50      2.83      3.13      3.73      5.14     0.000
    90       2.44      2.56      2.90      3.20      3.82      5.27     0.025
    90       2.49      2.61      2.96      3.27      3.91      5.40     0.050
    90       2.55      2.67      3.03      3.35      4.00      5.53     0.075
    90       2.61      2.74      3.10      3.43      4.10      5.67     0.100
    90       2.67      2.80      3.18      3.51      4.20      5.81     0.125
    90       2.73      2.86      3.25      3.60      4.30      5.96     0.150
    90       2.79      2.93      3.33      3.68      4.41      6.11     0.175
    90       2.86      3.00      3.41      3.77      4.52      6.28     0.200
    90       2.92      3.07      3.49      3.87      4.64      6.44     0.225
    90       3.00      3.15      3.58      3.97      4.76      6.62     0.250
    90       3.07      3.23      3.67      4.07      4.88      6.81     0.275
    90       3.15      3.31      3.77      4.18      5.02      7.00     0.300
    90       3.22      3.39      3.87      4.29      5.15      7.21     0.325
    90       3.31      3.48      3.97      4.40      5.30      7.42     0.350
    90       3.40      3.57      4.08      4.53      5.45      7.65     0.375
    90       3.49      3.67      4.19      4.66      5.61      7.89     0.400
    90       3.58      3.77      4.31      4.79      5.78      8.15     0.425
    90       3.68      3.88      4.44      4.94      5.96      8.42     0.450
    90       3.79      4.00      4.57      5.09      6.16      8.71     0.475
    90       3.90      4.12      4.72      5.26      6.37      9.02     0.500
    90       4.03      4.25      4.87      5.43      6.59      9.36     0.525
    90       4.16      4.38      5.04      5.62      6.83      9.73     0.550
    90       4.29      4.53      5.21      5.83      7.09     10.13     0.575
    90       4.44      4.69      5.41      6.05      7.37     10.55     0.600
    90       4.61      4.87      5.62      6.29      7.68     11.04     0.625
    90       4.78      5.06      5.85      6.56      8.03     11.56     0.650
    90       4.98      5.27      6.10      6.85      8.41     12.14     0.675
    90       5.19      5.50      6.38      7.18      8.83     12.81     0.700
    90       5.44      5.77      6.70      7.55      9.31     13.54     0.725
    90       5.71      6.06      7.07      7.98      9.86     14.37     0.750
    90       6.02      6.40      7.48      8.46     10.49     15.35     0.775
    90       6.38      6.79      7.97      9.03     11.23     16.47     0.800
    90       6.81      7.26      8.55      9.71     12.11     17.80     0.825
    90       7.32      7.82      9.25     10.53     13.16     19.35     0.850
    90       7.95      8.52     10.11     11.54     14.44     21.20     0.875
    90       8.76      9.39     11.20     12.80     16.02     23.34     0.900
    90       9.79     10.53     12.59     14.39     17.96     25.91     0.925
    90      11.17     12.03     14.39     16.41     20.36     28.89     0.950
    90      13.15     14.15     16.86     19.13     23.43     32.49     0.975
   100       2.00      2.10      2.36      2.60      3.09      4.25    -0.200
   100       2.09      2.19      2.48      2.73      3.24      4.45    -0.150
   100       2.19      2.30      2.59      2.86      3.39      4.66    -0.100
   100       2.29      2.40      2.71      2.99      3.56      4.89    -0.050
   100       2.39      2.51      2.84      3.13      3.73      5.13     0.000
   100       2.45      2.57      2.90      3.20      3.81      5.26     0.025
   100       2.50      2.63      2.97      3.28      3.91      5.39     0.050
   100       2.56      2.69      3.04      3.36      4.00      5.52     0.075
   100       2.62      2.75      3.11      3.44      4.10      5.66     0.100
   100       2.68      2.81      3.19      3.52      4.20      5.80     0.125
   100       2.74      2.88      3.26      3.60      4.30      5.95     0.150
   100       2.81      2.95      3.34      3.69      4.41      6.10     0.175
   100       2.87      3.02      3.42      3.78      4.52      6.26     0.200
   100       2.94      3.09      3.51      3.88      4.64      6.43     0.225
   100       3.01      3.16      3.59      3.98      4.76      6.60     0.250
   100       3.09      3.24      3.68      4.08      4.88      6.78     0.275
   100       3.16      3.32      3.78      4.18      5.01      6.97     0.300
   100       3.24      3.41      3.88      4.30      5.15      7.17     0.325
   100       3.33      3.50      3.98      4.41      5.30      7.39     0.350
   100       3.42      3.59      4.09      4.54      5.45      7.61     0.375
   100       3.51      3.69      4.20      4.67      5.61      7.85     0.400
   100       3.60      3.79      4.33      4.80      5.78      8.11     0.425
   100       3.71      3.90      4.45      4.95      5.96      8.37     0.450
   100       3.81      4.02      4.59      5.10      6.16      8.66     0.475
   100       3.93      4.14      4.73      5.27      6.36      8.97     0.500
   100       4.05      4.27      4.89      5.44      6.58      9.30     0.525
   100       4.18      4.41      5.05      5.63      6.82      9.66     0.550
   100       4.32      4.56      5.23      5.84      7.08     10.05     0.575
   100       4.47      4.72      5.42      6.06      7.36     10.48     0.600
   100       4.64      4.90      5.63      6.30      7.67     10.95     0.625
   100       4.81      5.09      5.86      6.57      8.01     11.47     0.650
   100       5.01      5.30      6.12      6.86      8.39     12.06     0.675
   100       5.23      5.53      6.40      7.19      8.82     12.71     0.700
   100       5.47      5.80      6.73      7.56      9.30     13.45     0.725
   100       5.75      6.10      7.09      7.99      9.85     14.31     0.750
   100       6.06      6.44      7.51      8.48     10.48     15.26     0.775
   100       6.43      6.84      8.00      9.05     11.23     16.40     0.800
   100       6.86      7.31      8.58      9.74     12.11     17.76     0.825
   100       7.38      7.88      9.29     10.57     13.19     19.36     0.850
   100       8.03      8.59     10.18     11.60     14.51     21.27     0.875
   100       8.86      9.50     11.30     12.91     16.16     23.58     0.900
   100       9.96     10.70     12.78     14.61     18.25     26.38     0.925
   100      11.44     12.32     14.73     16.82     20.90     29.71     0.950
   100      13.60     14.64     17.46     19.83     24.34     33.82     0.975
   125       2.02      2.11      2.38      2.61      3.09      4.20    -0.200
   125       2.11      2.21      2.49      2.74      3.24      4.41    -0.150
   125       2.21      2.32      2.61      2.87      3.39      4.62    -0.100
   125       2.31      2.42      2.73      3.00      3.56      4.84    -0.050
   125       2.42      2.54      2.86      3.14      3.73      5.08     0.000
   125       2.48      2.59      2.92      3.22      3.82      5.21     0.025
   125       2.53      2.65      2.99      3.29      3.91      5.34     0.050
   125       2.59      2.71      3.06      3.37      4.00      5.47     0.075
   125       2.65      2.78      3.13      3.45      4.10      5.60     0.100
   125       2.71      2.84      3.21      3.54      4.20      5.74     0.125
   125       2.77      2.91      3.29      3.62      4.30      5.89     0.150
   125       2.84      2.98      3.36      3.71      4.41      6.04     0.175
   125       2.91      3.05      3.45      3.80      4.52      6.20     0.200
   125       2.98      3.12      3.53      3.90      4.64      6.37     0.225
   125       3.05      3.20      3.62      3.99      4.76      6.54     0.250
   125       3.12      3.28      3.71      4.10      4.88      6.72     0.275
   125       3.20      3.36      3.81      4.20      5.01      6.91     0.300
   125       3.28      3.45      3.91      4.32      5.15      7.11     0.325
   125       3.37      3.54      4.01      4.43      5.30      7.32     0.350
   125       3.46      3.63      4.12      4.56      5.45      7.54     0.375
   125       3.55      3.73      4.23      4.69      5.61      7.78     0.400
   125       3.65      3.83      4.36      4.82      5.78      8.02     0.425
   125       3.75      3.94      4.48      4.97      5.96      8.28     0.450
   125       3.86      4.06      4.62      5.12      6.15      8.57     0.475
   125       3.98      4.18      4.77      5.29      6.36      8.87     0.500
   125       4.10      4.32      4.92      5.46      6.58      9.20     0.525
   125       4.23      4.46      5.09      5.65      6.81      9.55     0.550
   125       4.38      4.61      5.27      5.86      7.07      9.93     0.575
   125       4.53      4.77      5.46      6.08      7.35     10.35     0.600
   125       4.70      4.95      5.67      6.32      7.65     10.81     0.625
   125       4.88      5.14      5.90      6.59      7.99     11.33     0.650
   125       5.08      5.36      6.16      6.88      8.36     11.90     0.675
   125       5.30      5.60      6.44      7.21      8.79     12.54     0.700
   125       5.54      5.86      6.77      7.58      9.26     13.26     0.725
   125       5.82      6.16      7.13      8.01      9.81     14.11     0.750
   125       6.15      6.51      7.55      8.50     10.44     15.06     0.775
   125       6.52      6.92      8.05      9.07     11.19     16.20     0.800
   125       6.96      7.40      8.64      9.76     12.08     17.57     0.825
   125       7.50      7.99      9.37     10.61     13.18     19.25     0.850
   125       8.18      8.72     10.28     11.68     14.56     21.37     0.875
   125       9.05      9.68     11.47     13.08     16.35     24.01     0.900
   125      10.25     10.99     13.09     14.96     18.72     27.25     0.925
   125      11.95     12.86     15.37     17.56     21.89     31.42     0.950
   125      14.53     15.65     18.69     21.27     26.22     36.70     0.975
   150       2.03      2.13      2.39      2.62      3.09      4.17    -0.200
   150       2.13      2.23      2.50      2.75      3.24      4.37    -0.150
   150       2.23      2.33      2.62      2.88      3.40      4.59    -0.100
   150       2.33      2.44      2.75      3.01      3.56      4.81    -0.050
   150       2.44      2.56      2.87      3.16      3.73      5.05     0.000
   150       2.50      2.61      2.94      3.23      3.82      5.18     0.025
   150       2.55      2.67      3.01      3.31      3.91      5.30     0.050
   150       2.61      2.74      3.08      3.39      4.01      5.44     0.075
   150       2.67      2.80      3.15      3.47      4.11      5.58     0.100
   150       2.74      2.87      3.23      3.55      4.21      5.72     0.125
   150       2.80      2.93      3.31      3.64      4.31      5.87     0.150
   150       2.87      3.00      3.39      3.73      4.42      6.02     0.175
   150       2.93      3.07      3.47      3.82      4.53      6.17     0.200
   150       3.00      3.15      3.55      3.91      4.65      6.34     0.225
   150       3.08      3.23      3.64      4.01      4.77      6.51     0.250
   150       3.15      3.31      3.73      4.12      4.89      6.69     0.275
   150       3.23      3.39      3.83      4.22      5.02      6.88     0.300
   150       3.32      3.48      3.93      4.34      5.16      7.08     0.325
   150       3.40      3.57      4.04      4.45      5.31      7.28     0.350
   150       3.49      3.66      4.15      4.58      5.46      7.50     0.375
   150       3.59      3.76      4.26      4.71      5.62      7.73     0.400
   150       3.69      3.87      4.38      4.85      5.79      7.97     0.425
   150       3.79      3.98      4.51      4.99      5.97      8.23     0.450
   150       3.90      4.10      4.65      5.15      6.16      8.52     0.475
   150       4.02      4.22      4.80      5.31      6.36      8.81     0.500
   150       4.14      4.36      4.95      5.49      6.58      9.14     0.525
   150       4.28      4.50      5.12      5.68      6.82      9.48     0.550
   150       4.42      4.65      5.30      5.88      7.07      9.86     0.575
   150       4.58      4.82      5.49      6.10      7.35     10.27     0.600
   150       4.75      5.00      5.71      6.34      7.65     10.72     0.625
   150       4.93      5.19      5.94      6.61      7.99     11.22     0.650
   150       5.13      5.41      6.20      6.91      8.36     11.77     0.675
   150       5.36      5.65      6.48      7.24      8.78     12.39     0.700
   150       5.61      5.92      6.81      7.61      9.25     13.12     0.725
   150       5.89      6.23      7.18      8.03      9.79     13.95     0.750
   150       6.22      6.58      7.60      8.52     10.42     14.93     0.775
   150       6.60      6.99      8.10      9.10     11.16     16.08     0.800
   150       7.05      7.48      8.69      9.79     12.06     17.46     0.825
   150       7.60      8.08      9.43     10.65     13.17     19.17     0.850
   150       8.29      8.83     10.36     11.74     14.58     21.34     0.875
   150       9.20      9.82     11.59     13.18     16.43     24.14     0.900
   150      10.46     11.20     13.30     15.17     18.98     27.79     0.925
   150      12.33     13.24     15.81     18.07     22.57     32.54     0.950
   150      15.30     16.47     19.69     22.44     27.73     39.10     0.975
   175       2.05      2.14      2.40      2.63      3.09      4.16    -0.200
   175       2.14      2.24      2.51      2.75      3.24      4.37    -0.150
   175       2.24      2.35      2.63      2.89      3.40      4.59    -0.100
   175       2.35      2.46      2.76      3.02      3.56      4.81    -0.050
   175       2.46      2.57      2.89      3.17      3.74      5.05     0.000
   175       2.51      2.63      2.95      3.24      3.83      5.17     0.025
   175       2.57      2.69      3.02      3.32      3.92      5.30     0.050
   175       2.63      2.75      3.10      3.40      4.01      5.43     0.075
   175       2.69      2.82      3.17      3.48      4.11      5.56     0.100
   175       2.76      2.88      3.24      3.56      4.21      5.71     0.125
   175       2.82      2.95      3.32      3.65      4.32      5.85     0.150
   175       2.89      3.02      3.40      3.74      4.43      6.00     0.175
   175       2.96      3.10      3.49      3.83      4.54      6.16     0.200
   175       3.03      3.17      3.57      3.93      4.65      6.33     0.225
   175       3.10      3.25      3.66      4.03      4.77      6.49     0.250
   175       3.18      3.33      3.75      4.13      4.90      6.67     0.275
   175       3.26      3.41      3.85      4.24      5.03      6.86     0.300
   175       3.34      3.50      3.95      4.35      5.17      7.06     0.325
   175       3.43      3.59      4.06      4.47      5.31      7.26     0.350
   175       3.52      3.69      4.17      4.60      5.47      7.48     0.375
   175       3.62      3.79      4.29      4.73      5.63      7.71     0.400
   175       3.72      3.90      4.41      4.87      5.79      7.96     0.425
   175       3.82      4.01      4.54      5.01      5.97      8.21     0.450
   175       3.93      4.13      4.68      5.17      6.16      8.48     0.475
   175       4.05      4.26      4.82      5.33      6.37      8.78     0.500
   175       4.18      4.39      4.98      5.51      6.59      9.09     0.525
   175       4.32      4.53      5.15      5.70      6.82      9.43     0.550
   175       4.46      4.69      5.33      5.90      7.08      9.80     0.575
   175       4.62      4.86      5.53      6.13      7.35     10.21     0.600
   175       4.79      5.04      5.74      6.37      7.66     10.66     0.625
   175       4.98      5.24      5.97      6.64      7.99     11.16     0.650
   175       5.18      5.46      6.23      6.93      8.36     11.70     0.675
   175       5.41      5.70      6.52      7.26      8.77     12.33     0.700
   175       5.66      5.97      6.85      7.63      9.24     13.02     0.725
   175       5.95      6.28      7.22      8.06      9.78     13.84     0.750
   175       6.28      6.64      7.64      8.55     10.40     14.80     0.775
   175       6.67      7.05      8.14      9.13     11.14     15.92     0.800
   175       7.13      7.54      8.74      9.82     12.04     17.29     0.825
   175       7.68      8.15      9.48     10.68     13.15     18.98     0.850
   175       8.39      8.91     10.42     11.78     14.57     21.14     0.875
   175       9.31      9.93     11.67     13.24     16.46     24.04     0.900
   175      10.62     11.35     13.43     15.30     19.12     27.97     0.925
   175      12.60     13.52     16.12     18.42     23.03     33.39     0.950
   175      15.91     17.13     20.49     23.37     28.95     40.93     0.975
   200       2.06      2.15      2.40      2.63      3.09      4.15    -0.200
   200       2.15      2.25      2.52      2.76      3.25      4.36    -0.150
   200       2.25      2.36      2.64      2.89      3.40      4.58    -0.100
   200       2.36      2.47      2.77      3.03      3.57      4.81    -0.050
   200       2.47      2.58      2.90      3.18      3.74      5.05     0.000
   200       2.53      2.64      2.97      3.25      3.83      5.17     0.025
   200       2.59      2.70      3.04      3.33      3.93      5.29     0.050
   200       2.65      2.77      3.11      3.41      4.02      5.43     0.075
   200       2.71      2.83      3.18      3.49      4.12      5.56     0.100
   200       2.77      2.90      3.26      3.58      4.22      5.70     0.125
   200       2.84      2.97      3.34      3.66      4.33      5.85     0.150
   200       2.90      3.04      3.42      3.75      4.43      6.00     0.175
   200       2.97      3.11      3.50      3.85      4.55      6.15     0.200
   200       3.05      3.19      3.59      3.94      4.66      6.32     0.225
   200       3.12      3.27      3.68      4.04      4.78      6.49     0.250
   200       3.20      3.35      3.77      4.15      4.91      6.67     0.275
   200       3.28      3.43      3.87      4.26      5.04      6.85     0.300
   200       3.36      3.52      3.97      4.37      5.18      7.04     0.325
   200       3.45      3.62      4.08      4.49      5.33      7.25     0.350
   200       3.54      3.71      4.19      4.61      5.48      7.46     0.375
   200       3.64      3.81      4.31      4.75      5.64      7.68     0.400
   200       3.74      3.92      4.43      4.88      5.81      7.93     0.425
   200       3.85      4.03      4.56      5.03      5.99      8.18     0.450
   200       3.96      4.15      4.70      5.19      6.18      8.45     0.475
   200       4.08      4.28      4.85      5.35      6.38      8.75     0.500
   200       4.21      4.42      5.01      5.53      6.60      9.06     0.525
   200       4.35      4.56      5.17      5.72      6.83      9.40     0.550
   200       4.49      4.72      5.36      5.93      7.09      9.77     0.575
   200       4.65      4.89      5.55      6.15      7.36     10.17     0.600
   200       4.83      5.07      5.77      6.39      7.67     10.61     0.625
   200       5.01      5.27      6.00      6.66      8.00     11.10     0.650
   200       5.22      5.49      6.26      6.95      8.37     11.65     0.675
   200       5.45      5.74      6.55      7.28      8.78     12.26     0.700
   200       5.71      6.01      6.88      7.65      9.25     12.96     0.725
   200       6.00      6.32      7.25      8.08      9.79     13.76     0.750
   200       6.33      6.68      7.68      8.57     10.41     14.70     0.775
   200       6.72      7.10      8.18      9.15     11.14     15.84     0.800
   200       7.19      7.60      8.78      9.84     12.03     17.21     0.825
   200       7.75      8.21      9.52     10.70     13.14     18.90     0.850
   200       8.46      8.98     10.47     11.80     14.56     21.07     0.875
   200       9.41     10.01     11.73     13.28     16.48     23.94     0.900
   200      10.74     11.47     13.53     15.39     19.19     27.98     0.925
   200      12.81     13.73     16.34     18.66     23.33     33.93     0.950
   200      16.43     17.67     21.14     24.12     29.93     42.53     0.975
   250       2.07      2.16      2.41      2.64      3.10      4.15    -0.200
   250       2.17      2.26      2.53      2.77      3.25      4.36    -0.150
   250       2.27      2.37      2.65      2.90      3.41      4.58    -0.100
   250       2.38      2.49      2.78      3.04      3.58      4.80    -0.050
   250       2.49      2.60      2.91      3.19      3.75      5.04     0.000
   250       2.55      2.66      2.98      3.27      3.85      5.16     0.025
   250       2.61      2.73      3.05      3.35      3.94      5.29     0.050
   250       2.67      2.79      3.13      3.43      4.03      5.43     0.075
   250       2.73      2.86      3.20      3.51      4.13      5.56     0.100
   250       2.80      2.92      3.28      3.59      4.23      5.70     0.125
   250       2.86      2.99      3.36      3.68      4.34      5.84     0.150
   250       2.93      3.06      3.44      3.77      4.45      6.00     0.175
   250       3.00      3.14      3.52      3.87      4.56      6.15     0.200
   250       3.08      3.22      3.61      3.96      4.68      6.32     0.225
   250       3.15      3.30      3.70      4.06      4.80      6.48     0.250
   250       3.23      3.38      3.80      4.17      4.93      6.66     0.275
   250       3.31      3.47      3.90      4.28      5.06      6.85     0.300
   250       3.40      3.56      4.00      4.39      5.20      7.04     0.325
   250       3.49      3.65      4.11      4.51      5.34      7.25     0.350
   250       3.58      3.75      4.22      4.64      5.50      7.46     0.375
   250       3.68      3.85      4.34      4.77      5.66      7.69     0.400
   250       3.78      3.96      4.46      4.91      5.83      7.92     0.425
   250       3.89      4.08      4.60      5.06      6.01      8.18     0.450
   250       4.01      4.20      4.74      5.22      6.20      8.45     0.475
   250       4.13      4.33      4.89      5.38      6.40      8.74     0.500
   250       4.26      4.46      5.04      5.56      6.62      9.05     0.525
   250       4.40      4.61      5.22      5.75      6.85      9.39     0.550
   250       4.55      4.77      5.40      5.96      7.11      9.75     0.575
   250       4.71      4.94      5.60      6.18      7.38     10.15     0.600
   250       4.88      5.13      5.81      6.43      7.68     10.59     0.625
   250       5.08      5.33      6.05      6.70      8.01     11.07     0.650
   250       5.29      5.55      6.31      6.99      8.38     11.61     0.675
   250       5.52      5.80      6.61      7.32      8.79     12.20     0.700
   250       5.78      6.08      6.93      7.70      9.25     12.89     0.725
   250       6.08      6.40      7.31      8.12      9.79     13.68     0.750
   250       6.42      6.76      7.74      8.61     10.40     14.58     0.775
   250       6.81      7.19      8.24      9.19     11.13     15.66     0.800
   250       7.29      7.69      8.85      9.88     12.02     16.98     0.825
   250       7.86      8.31      9.59     10.74     13.11     18.68     0.850
   250       8.59      9.10     10.54     11.85     14.53     20.86     0.875
   250       9.56     10.14     11.82     13.33     16.45     23.80     0.900
   250      10.93     11.64     13.66     15.49     19.24     28.05     0.925
   250      13.11     14.02     16.62     18.94     23.66     34.58     0.950
   250      17.20     18.49     22.09     25.23     31.41     44.84     0.975
   300       2.08      2.17      2.42      2.65      3.10      4.14    -0.200
   300       2.18      2.28      2.54      2.78      3.26      4.35    -0.150
   300       2.29      2.39      2.67      2.91      3.42      4.56    -0.100
   300       2.39      2.50      2.79      3.06      3.59      4.79    -0.050
   300       2.51      2.62      2.93      3.20      3.76      5.03     0.000
   300       2.57      2.68      3.00      3.28      3.85      5.16     0.025
   300       2.63      2.74      3.07      3.36      3.95      5.29     0.050
   300       2.69      2.81      3.14      3.44      4.04      5.42     0.075
   300       2.75      2.87      3.22      3.52      4.14      5.56     0.100
   300       2.82      2.94      3.29      3.61      4.25      5.70     0.125
   300       2.88      3.01      3.37      3.70      4.35      5.84     0.150
   300       2.95      3.09      3.46      3.79      4.46      6.00     0.175
   300       3.02      3.16      3.54      3.88      4.57      6.15     0.200
   300       3.10      3.24      3.63      3.98      4.69      6.32     0.225
   300       3.17      3.32      3.72      4.08      4.81      6.48     0.250
   300       3.25      3.40      3.82      4.19      4.94      6.66     0.275
   300       3.34      3.49      3.92      4.30      5.07      6.84     0.300
   300       3.42      3.58      4.02      4.42      5.21      7.03     0.325
   300       3.51      3.68      4.13      4.54      5.36      7.23     0.350
   300       3.61      3.78      4.24      4.66      5.51      7.44     0.375
   300       3.71      3.88      4.36      4.80      5.67      7.67     0.400
   300       3.81      3.99      4.49      4.94      5.84      7.91     0.425
   300       3.92      4.11      4.62      5.09      6.02      8.16     0.450
   300       4.04      4.23      4.77      5.24      6.21      8.43     0.475
   300       4.16      4.36      4.92      5.41      6.42      8.72     0.500
   300       4.30      4.50      5.08      5.59      6.63      9.03     0.525
   300       4.44      4.65      5.25      5.78      6.87      9.36     0.550
   300       4.59      4.81      5.43      5.99      7.12      9.72     0.575
   300       4.75      4.98      5.63      6.22      7.40     10.12     0.600
   300       4.93      5.17      5.85      6.46      7.70     10.55     0.625
   300       5.12      5.38      6.09      6.73      8.03     11.02     0.650
   300       5.34      5.60      6.35      7.03      8.39     11.55     0.675
   300       5.58      5.86      6.65      7.36      8.80     12.14     0.700
   300       5.84      6.14      6.98      7.73      9.27     12.83     0.725
   300       6.14      6.46      7.35      8.16      9.79     13.61     0.750
   300       6.49      6.82      7.79      8.65     10.41     14.52     0.775
   300       6.89      7.25      8.29      9.23     11.13     15.59     0.800
   300       7.37      7.77      8.90      9.92     12.01     16.91     0.825
   300       7.95      8.39      9.65     10.78     13.10     18.56     0.850
   300       8.69      9.19     10.60     11.88     14.50     20.71     0.875
   300       9.67     10.25     11.89     13.37     16.42     23.62     0.900
   300      11.07     11.77     13.75     15.54     19.22     27.90     0.925
   300      13.32     14.22     16.78     19.09     23.80     34.79     0.950
   300      17.73     19.05     22.73     25.97     32.37     46.55     0.975
   400       2.10      2.19      2.44      2.66      3.11      4.14    -0.200
   400       2.20      2.29      2.56      2.79      3.27      4.35    -0.150
   400       2.31      2.40      2.68      2.93      3.43      4.57    -0.100
   400       2.42      2.52      2.81      3.07      3.60      4.80    -0.050
   400       2.53      2.64      2.95      3.22      3.78      5.04     0.000
   400       2.59      2.70      3.02      3.30      3.87      5.16     0.025
   400       2.65      2.77      3.09      3.38      3.96      5.29     0.050
   400       2.71      2.83      3.17      3.46      4.06      5.42     0.075
   400       2.78      2.90      3.24      3.55      4.16      5.56     0.100
   400       2.84      2.97      3.32      3.63      4.27      5.70     0.125
   400       2.91      3.04      3.40      3.72      4.37      5.85     0.150
   400       2.98      3.12      3.49      3.81      4.48      6.00     0.175
   400       3.06      3.19      3.57      3.91      4.60      6.15     0.200
   400       3.13      3.27      3.66      4.01      4.71      6.32     0.225
   400       3.21      3.35      3.75      4.11      4.84      6.48     0.250
   400       3.29      3.44      3.85      4.22      4.97      6.66     0.275
   400       3.38      3.53      3.95      4.33      5.10      6.84     0.300
   400       3.46      3.62      4.06      4.45      5.24      7.03     0.325
   400       3.56      3.72      4.17      4.57      5.38      7.24     0.350
   400       3.65      3.82      4.28      4.70      5.54      7.45     0.375
   400       3.75      3.92      4.40      4.83      5.70      7.67     0.400
   400       3.86      4.04      4.53      4.97      5.87      7.91     0.425
   400       3.97      4.16      4.67      5.12      6.05      8.17     0.450
   400       4.09      4.28      4.81      5.28      6.24      8.43     0.475
   400       4.22      4.41      4.96      5.45      6.45      8.71     0.500
   400       4.35      4.56      5.13      5.63      6.67      9.01     0.525
   400       4.50      4.71      5.30      5.83      6.90      9.34     0.550
   400       4.65      4.87      5.49      6.04      7.16      9.70     0.575
   400       4.82      5.05      5.69      6.26      7.43     10.09     0.600
   400       5.00      5.24      5.91      6.51      7.73     10.52     0.625
   400       5.20      5.45      6.15      6.78      8.06     11.00     0.650
   400       5.42      5.68      6.42      7.08      8.43     11.51     0.675
   400       5.66      5.94      6.72      7.42      8.83     12.09     0.700
   400       5.93      6.22      7.05      7.79      9.29     12.77     0.725
   400       6.24      6.55      7.43      8.22      9.82     13.53     0.750
   400       6.59      6.92      7.86      8.71     10.43     14.40     0.775
   400       7.00      7.36      8.38      9.29     11.15     15.43     0.800
   400       7.49      7.88      8.99      9.98     12.01     16.70     0.825
   400       8.09      8.52      9.74     10.84     13.09     18.32     0.850
   400       8.84      9.33     10.70     11.94     14.48     20.41     0.875
   400       9.85     10.41     12.00     13.43     16.38     23.27     0.900
   400      11.28     11.96     13.88     15.61     19.17     27.57     0.925
   400      13.61     14.49     16.99     19.23     23.86     34.77     0.950
   400      18.42     19.74     23.49     26.82     33.52     48.63     0.975
   500       2.11      2.20      2.45      2.67      3.12      4.14    -0.200
   500       2.21      2.31      2.57      2.80      3.28      4.35    -0.150
   500       2.32      2.42      2.69      2.94      3.44      4.57    -0.100
   500       2.43      2.53      2.83      3.08      3.61      4.81    -0.050
   500       2.55      2.66      2.96      3.24      3.79      5.05     0.000
   500       2.61      2.72      3.03      3.31      3.88      5.17     0.025
   500       2.67      2.78      3.11      3.39      3.98      5.30     0.050
   500       2.73      2.85      3.18      3.48      4.07      5.44     0.075
   500       2.80      2.92      3.26      3.56      4.18      5.57     0.100
   500       2.86      2.99      3.34      3.65      4.28      5.72     0.125
   500       2.93      3.06      3.42      3.74      4.39      5.86     0.150
   500       3.01      3.14      3.50      3.83      4.50      6.01     0.175
   500       3.08      3.21      3.59      3.93      4.61      6.17     0.200
   500       3.16      3.29      3.68      4.03      4.73      6.33     0.225
   500       3.24      3.38      3.78      4.13      4.85      6.50     0.250
   500       3.32      3.46      3.88      4.24      4.98      6.67     0.275
   500       3.40      3.55      3.98      4.35      5.12      6.86     0.300
   500       3.49      3.65      4.08      4.47      5.26      7.05     0.325
   500       3.59      3.75      4.19      4.59      5.41      7.25     0.350
   500       3.68      3.85      4.31      4.72      5.56      7.46     0.375
   500       3.79      3.96      4.43      4.86      5.72      7.68     0.400
   500       3.89      4.07      4.56      5.00      5.89      7.92     0.425
   500       4.01      4.19      4.70      5.15      6.08      8.17     0.450
   500       4.13      4.32      4.84      5.31      6.27      8.44     0.475
   500       4.26      4.45      5.00      5.49      6.47      8.72     0.500
   500       4.39      4.60      5.16      5.67      6.69      9.03     0.525
   500       4.54      4.75      5.34      5.86      6.93      9.35     0.550
   500       4.70      4.92      5.53      6.07      7.18      9.70     0.575
   500       4.87      5.09      5.73      6.30      7.46     10.09     0.600
   500       5.05      5.29      5.96      6.55      7.76     10.51     0.625
   500       5.25      5.50      6.20      6.82      8.09     10.96     0.650
   500       5.48      5.74      6.47      7.12      8.45     11.49     0.675
   500       5.72      6.00      6.77      7.46      8.86     12.06     0.700
   500       6.00      6.29      7.10      7.84      9.32     12.72     0.725
   500       6.31      6.62      7.49      8.27      9.84     13.48     0.750
   500       6.67      7.00      7.93      8.76     10.45     14.34     0.775
   500       7.08      7.44      8.44      9.34     11.17     15.38     0.800
   500       7.58      7.97      9.06     10.04     12.03     16.64     0.825
   500       8.19      8.61      9.82     10.90     13.10     18.20     0.850
   500       8.95      9.43     10.78     12.00     14.47     20.23     0.875
   500       9.98     10.52     12.08     13.48     16.35     23.03     0.900
   500      11.44     12.10     13.97     15.66     19.12     27.22     0.925
   500      13.82     14.67     17.11     19.30     23.81     34.43     0.950
   500      18.85     20.16     23.89     27.22     33.99     49.52     0.975
   600       2.12      2.20      2.45      2.67      3.12      4.15    -0.200
   600       2.22      2.31      2.58      2.81      3.28      4.37    -0.150
   600       2.33      2.43      2.70      2.95      3.45      4.59    -0.100
   600       2.44      2.54      2.84      3.09      3.62      4.82    -0.050
   600       2.56      2.67      2.97      3.25      3.80      5.06     0.000
   600       2.62      2.73      3.05      3.32      3.89      5.19     0.025
   600       2.68      2.80      3.12      3.41      3.99      5.32     0.050
   600       2.75      2.86      3.19      3.49      4.09      5.45     0.075
   600       2.81      2.93      3.27      3.57      4.19      5.59     0.100
   600       2.88      3.00      3.35      3.66      4.29      5.73     0.125
   600       2.95      3.08      3.43      3.75      4.40      5.88     0.150
   600       3.02      3.15      3.52      3.85      4.51      6.03     0.175
   600       3.10      3.23      3.61      3.94      4.63      6.19     0.200
   600       3.17      3.31      3.70      4.05      4.75      6.35     0.225
   600       3.25      3.40      3.79      4.15      4.87      6.51     0.250
   600       3.34      3.48      3.89      4.26      5.00      6.69     0.275
   600       3.42      3.57      4.00      4.37      5.13      6.87     0.300
   600       3.51      3.67      4.10      4.49      5.28      7.06     0.325
   600       3.61      3.77      4.22      4.61      5.42      7.26     0.350
   600       3.71      3.87      4.33      4.74      5.58      7.47     0.375
   600       3.81      3.98      4.46      4.88      5.74      7.69     0.400
   600       3.92      4.10      4.59      5.03      5.91      7.93     0.425
   600       4.04      4.22      4.73      5.18      6.10      8.18     0.450
   600       4.16      4.35      4.87      5.34      6.29      8.44     0.475
   600       4.29      4.48      5.03      5.51      6.50      8.72     0.500
   600       4.43      4.63      5.19      5.70      6.72      9.03     0.525
   600       4.57      4.78      5.37      5.89      6.95      9.36     0.550
   600       4.73      4.95      5.56      6.10      7.21      9.72     0.575
   600       4.91      5.13      5.77      6.33      7.48     10.10     0.600
   600       5.09      5.33      5.99      6.58      7.78     10.52     0.625
   600       5.30      5.54      6.24      6.86      8.11     10.97     0.650
   600       5.52      5.78      6.51      7.16      8.48     11.48     0.675
   600       5.77      6.04      6.81      7.50      8.89     12.06     0.700
   600       6.05      6.34      7.15      7.87      9.35     12.70     0.725
   600       6.36      6.67      7.54      8.31      9.87     13.44     0.750
   600       6.73      7.05      7.98      8.80     10.47     14.31     0.775
   600       7.15      7.50      8.50      9.38     11.19     15.33     0.800
   600       7.65      8.04      9.12     10.08     12.04     16.57     0.825
   600       8.27      8.69      9.88     10.94     13.11     18.14     0.850
   600       9.05      9.52     10.85     12.05     14.48     20.15     0.875
   600      10.08     10.62     12.16     13.53     16.34     22.92     0.900
   600      11.56     12.21     14.05     15.71     19.09     27.07     0.925
   600      13.98     14.82     17.20     19.35     23.77     34.29     0.950
   600      19.15     20.44     24.13     27.43     34.19     50.02     0.975
  1200       2.14      2.23      2.48      2.70      3.15      4.19    -0.200
  1200       2.25      2.34      2.60      2.84      3.31      4.40    -0.150
  1200       2.36      2.46      2.73      2.98      3.48      4.63    -0.100
  1200       2.48      2.58      2.87      3.13      3.65      4.86    -0.050
  1200       2.60      2.71      3.01      3.28      3.84      5.11     0.000
  1200       2.66      2.77      3.09      3.36      3.93      5.24     0.025
  1200       2.73      2.84      3.16      3.45      4.03      5.37     0.050
  1200       2.79      2.91      3.24      3.53      4.13      5.50     0.075
  1200       2.86      2.98      3.32      3.62      4.23      5.64     0.100
  1200       2.93      3.05      3.40      3.71      4.34      5.79     0.125
  1200       3.00      3.13      3.49      3.80      4.45      5.93     0.150
  1200       3.08      3.21      3.57      3.90      4.56      6.09     0.175
  1200       3.15      3.29      3.66      4.00      4.68      6.24     0.200
  1200       3.23      3.37      3.76      4.10      4.80      6.41     0.225
  1200       3.32      3.46      3.86      4.21      4.93      6.57     0.250
  1200       3.40      3.55      3.96      4.32      5.06      6.75     0.275
  1200       3.49      3.64      4.06      4.44      5.20      6.93     0.300
  1200       3.59      3.74      4.17      4.56      5.34      7.13     0.325
  1200       3.68      3.84      4.29      4.69      5.49      7.33     0.350
  1200       3.79      3.95      4.41      4.82      5.65      7.55     0.375
  1200       3.89      4.06      4.54      4.96      5.82      7.77     0.400
  1200       4.01      4.18      4.67      5.11      5.99      8.00     0.425
  1200       4.13      4.31      4.81      5.26      6.18      8.25     0.450
  1200       4.25      4.44      4.96      5.43      6.37      8.51     0.475
  1200       4.39      4.58      5.12      5.60      6.58      8.80     0.500
  1200       4.53      4.73      5.29      5.79      6.80      9.10     0.525
  1200       4.69      4.89      5.47      5.99      7.04      9.43     0.550
  1200       4.85      5.07      5.67      6.21      7.30      9.78     0.575
  1200       5.03      5.26      5.88      6.44      7.58     10.16     0.600
  1200       5.23      5.46      6.12      6.70      7.89     10.58     0.625
  1200       5.44      5.68      6.37      6.98      8.22     11.04     0.650
  1200       5.67      5.93      6.65      7.29      8.59     11.54     0.675
  1200       5.93      6.20      6.96      7.63      9.00     12.10     0.700
  1200       6.23      6.51      7.31      8.02      9.46     12.73     0.725
  1200       6.56      6.86      7.70      8.46      9.99     13.47     0.750
  1200       6.93      7.26      8.16      8.96     10.59     14.31     0.775
  1200       7.38      7.72      8.69      9.55     11.31     15.29     0.800
  1200       7.90      8.28      9.33     10.26     12.16     16.50     0.825
  1200       8.55      8.96     10.11     11.14     13.22     17.99     0.850
  1200       9.36      9.82     11.10     12.25     14.57     19.90     0.875
  1200      10.45     10.97     12.43     13.74     16.40     22.53     0.900
  1200      12.01     12.62     14.36     15.92     19.08     26.44     0.925
  1200      14.56     15.34     17.56     19.55     23.63     33.16     0.950
  1200      20.07     21.27     24.70     27.78     34.13     49.15     0.975
